-49.526696,4.397861,0.188177,1.213629,0.323536,0.384204,0.052573,0.220425,0.072132,0.174641,0.058850,-0.110671,0.069538,1.748433,0.895637,0.567960,0.616731,0.554223,0.490731,0.479141,0.452461,0.441150,0.422913,0.431088,0.403555,0.366898,3.856230,1.045049,0.672738,0.583726,0.610130,0.465114,0.488003,0.538599,0.322330,0.374828,0.310946,0.287917,0.414123,1.003840,0.469224,0.177614,0.243461,0.206550,0.158674,0.128433,0.122649,0.132699,0.102177,0.125005,0.099994,0.073154,0,1
-48.942566,5.506380,-0.200945,1.364663,0.738331,0.661170,0.199910,-0.012480,-0.151845,0.126397,0.043988,0.118515,-0.051033,1.571046,0.842545,0.520465,0.506225,0.506632,0.472340,0.469202,0.498450,0.409714,0.400781,0.409443,0.369785,0.384935,2.840332,1.104644,0.663614,0.649367,0.544973,0.463195,0.333728,0.478432,0.248056,0.296223,0.291658,0.204223,0.287291,0.976805,0.401981,0.152013,0.144420,0.147881,0.123589,0.124953,0.153918,0.092351,0.098262,0.108950,0.098415,0.080510,0,1
-50.339565,4.546169,-0.274382,1.321958,0.083582,0.222591,0.037757,0.078821,-0.170974,0.053772,0.185869,0.139647,0.069125,4.418824,1.058319,0.717493,0.682334,0.613700,0.456414,0.467773,0.439558,0.443279,0.415211,0.407186,0.369501,0.361572,3.433707,1.133614,0.786584,0.566354,0.763833,0.455890,0.327979,0.293476,0.303511,0.266329,0.270596,0.311282,0.260627,1.617682,0.486744,0.286637,0.230976,0.253903,0.105051,0.159475,0.107758,0.105122,0.106632,0.093677,0.090962,0.092633,0,1
-52.647427,5.838561,0.342983,0.822647,0.633514,0.866852,0.445983,-0.021778,0.107283,0.189089,0.157870,0.012693,0.156248,3.094925,1.362291,0.636181,0.595388,0.667598,0.550912,0.506528,0.506729,0.445252,0.428022,0.443604,0.428247,0.389862,3.385893,1.045426,0.522002,0.431715,0.547683,0.486451,0.407291,0.419914,0.336099,0.306661,0.353545,0.208337,0.313486,1.202556,0.408590,0.176587,0.161491,0.227324,0.160935,0.170062,0.140996,0.098761,0.108085,0.116811,0.115428,0.095664,0,1
-50.724024,5.391800,1.222160,1.579107,1.118203,0.802484,0.351263,0.346451,-0.191243,0.353692,0.237134,0.141307,0.076962,2.000882,1.098729,0.654892,0.578790,0.517069,0.432418,0.432312,0.481198,0.424709,0.424705,0.371408,0.364803,0.356603,2.436426,1.059594,0.806521,0.545923,0.536265,0.323932,0.389014,0.467098,0.400202,0.334163,0.268207,0.198423,0.208361,1.102720,0.629719,0.274847,0.225761,0.150652,0.101818,0.115600,0.137643,0.109336,0.119201,0.077709,0.066256,0.069599,0,1
-45.805670,6.286103,-1.790986,1.184491,0.346409,-0.237845,0.091399,-0.042777,-0.353781,0.010404,-0.044922,0.334557,-0.015857,1.050657,0.844317,0.625444,0.457658,0.386000,0.404405,0.409427,0.387575,0.383814,0.364709,0.373181,0.373634,0.357657,1.856793,1.077161,0.640645,0.341827,0.418946,0.417661,0.327390,0.497314,0.238494,0.230919,0.236953,0.204184,0.190733,0.819342,0.391642,0.235676,0.118430,0.087225,0.083129,0.105982,0.088952,0.082118,0.078043,0.075075,0.087857,0.085901,0,1
-47.349168,5.609917,-0.716475,1.759174,-0.476381,0.278861,0.386954,0.480686,-0.077989,0.264540,-0.141445,-0.246435,0.308603,2.143639,1.083058,0.743630,0.684464,0.594609,0.552410,0.518151,0.445136,0.448806,0.430857,0.431406,0.416463,0.397328,2.321968,1.089887,0.800303,0.807817,0.692810,0.512788,0.553933,0.354996,0.329506,0.410074,0.304500,0.427946,0.306821,1.195189,0.512675,0.313756,0.260974,0.273365,0.202399,0.146398,0.113958,0.124633,0.129060,0.120315,0.134557,0.105381,0,1
-50.771397,6.783359,0.160865,1.585996,0.614437,0.476147,0.381270,0.116138,0.118002,0.109138,0.024020,0.119024,0.115101,1.833809,0.823824,0.570935,0.578768,0.555236,0.425857,0.448375,0.486083,0.393911,0.394061,0.386277,0.419025,0.380642,2.359460,0.819706,0.731632,0.635381,0.575998,0.309486,0.301664,0.500938,0.325184,0.387411,0.263759,0.313995,0.253646,0.834829,0.348941,0.210441,0.206917,0.215585,0.125676,0.127168,0.161696,0.088583,0.110213,0.096253,0.128993,0.081667,0,1
-43.616327,5.496132,-1.096136,0.064948,0.404460,0.278499,-0.221529,-0.211694,-0.139220,0.004741,-0.101066,0.043644,0.270230,0.794126,0.583761,0.464949,0.511630,0.430856,0.410920,0.415313,0.414046,0.404144,0.415039,0.377203,0.356155,0.382533,0.959622,0.563869,0.366686,0.357376,0.342886,0.191674,0.373895,0.315273,0.202127,0.288179,0.261832,0.173298,0.275124,0.312089,0.180371,0.100818,0.109828,0.094056,0.085604,0.077991,0.088545,0.065042,0.091950,0.074598,0.059637,0.075986,0,1
-53.160724,7.623580,0.052157,0.574794,0.546024,0.780675,0.385048,0.273032,-0.130604,0.076845,-0.117307,0.272058,0.479724,2.524804,1.513042,0.766453,0.522801,0.466218,0.417223,0.419307,0.402787,0.402511,0.396424,0.385790,0.387441,0.413295,2.713038,0.852830,0.738221,0.534979,0.345931,0.357926,0.348357,0.240909,0.295817,0.314508,0.403873,0.340444,0.319344,1.334699,0.409187,0.209423,0.122740,0.115384,0.098151,0.103831,0.093098,0.077643,0.081751,0.090410,0.093015,0.103282,0,1
-49.534257,4.943385,0.755572,1.350909,0.183770,0.098563,0.367111,0.830751,0.273804,0.166947,0.326335,0.209699,0.136459,2.148034,1.033560,0.792763,0.594446,0.560293,0.520413,0.488033,0.463085,0.445224,0.417052,0.395037,0.362778,0.374784,2.055358,0.750571,0.567653,0.435811,0.467619,0.329529,0.346449,0.307939,0.272450,0.234405,0.230746,0.180022,0.241458,0.954429,0.377718,0.287836,0.229411,0.185885,0.133910,0.148472,0.122176,0.135896,0.096297,0.112999,0.086078,0.096503,0,1
-52.924885,5.251305,1.010429,1.858104,0.444261,0.577247,0.710428,0.688342,0.470257,0.327538,0.231764,0.147087,-0.065805,2.132318,1.102418,0.900741,0.671799,0.580085,0.502913,0.524679,0.462552,0.479353,0.429753,0.434242,0.406950,0.436927,2.160942,0.873616,0.890172,0.688122,0.380535,0.346869,0.372517,0.273225,0.300218,0.257010,0.311926,0.306340,0.433574,0.902205,0.442458,0.408930,0.265946,0.177003,0.147117,0.171040,0.109997,0.140734,0.092320,0.126267,0.112385,0.122641,0,1
-55.384881,4.556880,0.536738,1.695979,0.701690,0.533041,0.619971,0.707425,0.306669,0.242236,0.115739,0.399672,0.248223,3.737386,1.571507,0.823168,0.732504,0.665167,0.568081,0.580815,0.525512,0.485330,0.456033,0.449438,0.424983,0.390016,2.110765,1.013302,0.591944,0.405362,0.348523,0.354199,0.381553,0.314520,0.239079,0.254402,0.230023,0.241270,0.189964,1.095307,0.486788,0.273175,0.274061,0.211408,0.156782,0.160274,0.136071,0.122532,0.100455,0.109092,0.102508,0.093248,0,1
-55.840138,4.345663,3.013626,1.868641,0.564830,0.502224,0.212404,0.756361,0.354867,0.189283,0.146338,0.217971,0.034368,2.386808,1.259650,1.064741,0.767136,0.602817,0.547672,0.534782,0.473875,0.450583,0.402492,0.424754,0.372843,0.402647,2.670019,1.085774,0.754872,0.596845,0.369060,0.369305,0.412978,0.362602,0.314155,0.250874,0.270221,0.239328,0.329040,1.004150,0.427532,0.327155,0.253639,0.177502,0.137726,0.157637,0.130091,0.106769,0.101915,0.123339,0.085291,0.111682,0,1
-58.415195,4.369624,0.864690,1.753441,0.173856,0.467735,0.349856,0.654201,-0.089853,0.156777,0.077111,0.044637,0.076575,3.913750,1.570730,1.122294,0.944743,0.740330,0.648763,0.633685,0.548399,0.557606,0.490351,0.502540,0.484354,0.435616,5.818007,1.307728,0.828651,0.721072,0.538641,0.440258,0.463881,0.407448,0.375766,0.323881,0.372367,0.316393,0.348669,1.781038,0.581480,0.367914,0.277156,0.263414,0.190194,0.211609,0.159754,0.144042,0.111351,0.118658,0.134978,0.121103,0,1
-53.293426,4.331440,0.649772,1.692491,-0.016418,0.209775,0.018769,0.326242,-0.303008,0.136402,-0.050469,0.237699,0.285201,3.034645,1.807427,1.320213,0.877885,0.777134,0.595170,0.594552,0.598321,0.526508,0.519705,0.525088,0.457454,0.450052,1.707885,1.342028,0.826116,0.551895,0.532549,0.442329,0.355505,0.382717,0.326923,0.381057,0.335416,0.242003,0.262621,0.727603,0.662570,0.421268,0.296576,0.218373,0.147515,0.164513,0.151961,0.126214,0.117541,0.139583,0.102139,0.118535,0,1
-44.231393,3.015306,-0.337396,1.017876,-0.165843,0.246890,0.240725,0.066350,0.361625,0.299049,0.183491,-0.174222,0.067407,0.835212,0.561843,0.594771,0.537495,0.482486,0.445002,0.435127,0.401868,0.423847,0.406056,0.382442,0.378781,0.396557,0.842189,0.526365,0.483065,0.503406,0.338853,0.338894,0.268845,0.267785,0.291581,0.209743,0.212205,0.264234,0.281240,0.257529,0.157225,0.187113,0.151637,0.117195,0.098974,0.086595,0.078785,0.081423,0.083256,0.072153,0.077911,0.082108,0,1
-45.044412,3.235866,-0.577636,1.514109,-0.134273,0.456212,0.058725,0.199484,0.145224,0.183943,0.237369,-0.069327,-0.017379,1.111557,0.664867,0.688589,0.618482,0.520719,0.466481,0.449923,0.434833,0.411896,0.412320,0.394816,0.388256,0.409111,1.154359,0.491219,0.439590,0.509608,0.461931,0.337641,0.228961,0.248554,0.219470,0.287009,0.269298,0.196984,0.243652,0.431418,0.177161,0.185690,0.213554,0.131262,0.122049,0.101798,0.098401,0.085625,0.093796,0.088049,0.081771,0.103807,0,1
-47.456177,3.479976,-0.342979,1.211252,0.226693,0.325682,0.085694,0.130946,0.255200,0.205304,0.246310,-0.027050,0.036886,1.733087,0.875905,0.776982,0.721350,0.592594,0.485552,0.452106,0.435332,0.427774,0.432114,0.416039,0.394863,0.387827,1.423223,0.716627,0.708766,0.590137,0.471698,0.412253,0.284070,0.297254,0.253974,0.278935,0.221487,0.269448,0.251932,0.547082,0.302530,0.230268,0.224210,0.199008,0.138956,0.087148,0.090107,0.104145,0.110096,0.091718,0.085832,0.078708,0,1
-47.858537,3.248361,-0.314562,1.397274,0.296518,0.650559,0.353083,0.258144,0.120504,0.077311,-0.012324,-0.165367,-0.005412,1.608581,0.772136,0.635776,0.523821,0.518186,0.430607,0.413836,0.379493,0.402178,0.384911,0.361986,0.363675,0.370025,1.708869,0.691347,0.536003,0.459217,0.429949,0.400815,0.265787,0.283467,0.311357,0.345199,0.308950,0.190188,0.361701,0.635040,0.253117,0.214975,0.158526,0.133170,0.113072,0.093070,0.076060,0.098326,0.071874,0.074553,0.085285,0.090943,0,1
-46.343771,4.464126,-0.097675,0.930131,-0.062256,0.474349,-0.042195,-0.099694,0.306874,-0.088857,0.190962,-0.053190,-0.100390,1.393130,0.988253,0.704704,0.645444,0.556088,0.458785,0.475172,0.460872,0.415342,0.423750,0.413113,0.387795,0.372122,2.404402,0.886105,0.567770,0.485366,0.607188,0.321087,0.408787,0.360942,0.263599,0.336597,0.207294,0.216638,0.217949,0.453741,0.305741,0.192302,0.200091,0.159674,0.110290,0.102516,0.121031,0.092555,0.113776,0.100540,0.080999,0.070011,0,1
-45.983544,4.334877,-0.254455,1.072498,-0.247337,0.522074,-0.033067,-0.430666,0.336870,-0.142805,0.384500,-0.056339,-0.113306,1.302194,0.850729,0.713225,0.698346,0.619773,0.479891,0.485993,0.493250,0.421223,0.435186,0.424062,0.409234,0.414781,1.829966,0.826058,0.641997,0.739194,0.742222,0.413625,0.377038,0.504971,0.300402,0.330258,0.323199,0.261176,0.264616,0.485211,0.349024,0.250285,0.272852,0.223152,0.119664,0.118206,0.133578,0.101943,0.107726,0.105664,0.089711,0.103250,0,1
-44.866080,3.876283,-0.502251,0.715162,-0.187874,0.564017,0.018507,-0.157949,0.266708,-0.085887,0.052379,-0.205970,-0.182842,1.342752,0.868257,0.765534,0.632874,0.618753,0.511601,0.476626,0.492448,0.449538,0.446192,0.433845,0.438695,0.436120,1.369185,0.877224,0.726034,0.450325,0.567047,0.454394,0.364294,0.390884,0.314037,0.283672,0.232913,0.331890,0.277773,0.568367,0.273486,0.269961,0.236824,0.171929,0.121970,0.114863,0.130767,0.115114,0.099434,0.107180,0.099362,0.118753,0,1
-47.518542,4.038283,0.340776,1.087712,0.047191,0.504444,0.087162,-0.310572,-0.067004,-0.051422,0.286832,-0.157434,-0.120080,1.197979,0.645736,0.541034,0.494961,0.487214,0.422536,0.416689,0.409717,0.450122,0.416913,0.425414,0.407036,0.393969,2.405074,1.091711,0.699488,0.642867,0.585448,0.340545,0.470199,0.482294,0.646079,0.427224,0.455375,0.487915,0.399520,0.560560,0.254162,0.180554,0.166966,0.164183,0.100360,0.091837,0.103888,0.143512,0.107146,0.137042,0.102538,0.120102,0,1
-45.542864,3.031243,-0.561524,1.543587,-0.040055,0.757985,0.089320,0.049500,0.239805,0.027025,0.093285,0.077097,-0.020523,1.298968,0.732733,0.557727,0.536632,0.511899,0.431040,0.427185,0.419605,0.416075,0.422920,0.392085,0.386773,0.372448,1.194762,0.805741,0.812525,0.533873,0.569526,0.277435,0.300177,0.313648,0.228722,0.314526,0.316985,0.243540,0.256115,0.476090,0.255733,0.173489,0.170497,0.138063,0.091977,0.110388,0.099662,0.097291,0.096617,0.075670,0.087317,0.079740,0,1
-45.662385,2.714184,-0.354923,1.501193,-0.383736,0.436301,-0.135195,0.084728,0.362704,-0.098880,0.145818,-0.139435,-0.022490,0.923073,0.590007,0.601123,0.584977,0.518233,0.446198,0.425956,0.418333,0.416207,0.414526,0.409578,0.392952,0.383037,1.090290,0.679109,0.753007,0.978189,0.565297,0.396629,0.408774,0.363435,0.349814,0.406744,0.336702,0.352493,0.297962,0.401699,0.190187,0.239230,0.224599,0.182995,0.105957,0.099212,0.105635,0.086778,0.095963,0.084747,0.097779,0.090082,0,1
-46.371362,3.595680,-0.175795,1.157735,-0.047002,0.591292,0.197869,-0.010792,0.266959,0.019002,0.210949,0.072703,0.071941,1.188062,0.822401,0.670815,0.654097,0.569387,0.442063,0.441519,0.432864,0.427677,0.425036,0.396706,0.395341,0.384778,1.349287,0.829983,0.566128,0.654221,0.636811,0.351031,0.286601,0.262317,0.348017,0.347570,0.272991,0.265313,0.274470,0.475891,0.296400,0.233673,0.269067,0.202786,0.106038,0.115892,0.094103,0.094306,0.088971,0.084350,0.082165,0.083122,0,1
-50.714758,2.884061,-0.204848,1.102813,0.408489,0.532153,0.165728,-0.107166,0.302069,0.105090,0.386681,0.100903,0.169914,1.683105,0.976077,0.716115,0.729798,0.600796,0.518602,0.506452,0.501677,0.477054,0.496965,0.447755,0.444695,0.429084,2.152122,0.954293,0.612719,0.667435,0.356235,0.461590,0.430617,0.385889,0.348474,0.424002,0.349576,0.379611,0.320890,0.681903,0.568862,0.244248,0.247537,0.168114,0.124394,0.127679,0.121941,0.116209,0.107360,0.093498,0.098260,0.098153,0,1
-48.387443,3.341282,-1.266381,2.155006,0.456596,1.129557,0.364639,0.917707,0.525402,0.171919,0.221949,0.074156,0.180930,1.778981,0.926492,0.708761,0.652551,0.519902,0.448940,0.473264,0.465314,0.440563,0.422968,0.401309,0.402447,0.376183,1.836974,0.769235,0.472810,0.697395,0.378707,0.346219,0.421303,0.448054,0.336454,0.245681,0.242107,0.301784,0.224330,0.942106,0.361324,0.185398,0.197528,0.170724,0.100072,0.141949,0.121613,0.094428,0.097643,0.100724,0.087176,0.083113,0,1
-46.327757,3.196719,0.427712,1.242364,0.343593,0.584123,0.040588,0.138726,0.097661,0.039373,-0.125314,0.187838,0.253054,1.440577,0.944071,0.685766,0.568440,0.526045,0.462903,0.455680,0.439446,0.418798,0.426500,0.390644,0.382495,0.366510,1.196478,0.681935,0.580958,0.646014,0.430497,0.421401,0.320764,0.293742,0.313038,0.274027,0.183445,0.196918,0.235093,0.473558,0.233557,0.204128,0.154467,0.171589,0.132596,0.102376,0.105045,0.104749,0.093950,0.081800,0.078882,0.082128,0,1
-52.261877,3.428210,2.279353,0.831845,0.816036,0.457366,0.429715,0.173199,0.169242,0.167176,-0.169624,-0.030176,0.046969,2.744348,1.485634,1.243245,0.974603,0.815939,0.567425,0.535658,0.515796,0.518684,0.440455,0.407263,0.435198,0.397848,2.316064,1.034366,0.957632,0.970624,0.689712,0.402913,0.354446,0.362410,0.297164,0.218645,0.213621,0.256204,0.270769,0.794713,0.396123,0.390467,0.402362,0.268843,0.172917,0.137077,0.148005,0.134406,0.112042,0.105594,0.117955,0.113339,0,1
-48.576524,3.922496,-0.084173,1.002000,-0.497604,0.700026,-0.027675,-0.005939,-0.025495,0.045765,0.017758,-0.116509,-0.025300,2.634107,1.194503,0.973656,0.640952,0.716077,0.526994,0.486434,0.482828,0.470327,0.440326,0.448376,0.478722,0.415593,2.799147,0.936763,0.903035,0.687116,0.582749,0.604580,0.376464,0.409143,0.597911,0.320598,0.315649,0.459389,0.233995,1.334270,0.480961,0.307080,0.240220,0.250533,0.158189,0.133863,0.132113,0.126232,0.091311,0.126246,0.185136,0.090567,0,1
-45.024085,3.344981,-0.549237,1.649501,0.242760,0.455304,0.057454,0.162933,-0.116005,0.207999,0.203264,0.217885,0.337204,1.396244,0.812070,0.629082,0.666343,0.547225,0.482847,0.485479,0.510776,0.442192,0.444077,0.432191,0.419273,0.417064,1.071727,0.753499,0.644638,0.740866,0.427431,0.320247,0.345176,0.425021,0.279753,0.400958,0.298329,0.443484,0.310478,0.623426,0.390919,0.224309,0.241616,0.144061,0.103216,0.151883,0.141183,0.110007,0.098906,0.106921,0.116518,0.106564,0,1
-49.687514,5.749102,-0.633470,1.560048,0.307812,0.084753,0.182996,0.485526,-0.155535,-0.041280,-0.145661,-0.021936,-0.046985,2.192422,1.236409,0.912991,0.656027,0.488874,0.500691,0.495870,0.482147,0.450346,0.444603,0.412248,0.400271,0.407310,1.337126,0.718169,1.003384,0.381383,0.384246,0.433545,0.443612,0.494879,0.608347,0.537087,0.391711,0.413488,0.404803,0.659679,0.365726,0.260773,0.162146,0.146753,0.131210,0.147718,0.123149,0.129490,0.119715,0.092727,0.089984,0.110949,0,1
-45.339235,2.773072,-0.197210,1.271348,0.263944,0.385531,0.070452,0.215076,0.352168,0.047504,0.202635,0.044363,0.099776,0.958069,0.714545,0.700623,0.685179,0.471786,0.483891,0.461925,0.462876,0.424959,0.421975,0.395248,0.397366,0.426718,1.116203,0.713746,0.682907,0.780341,0.315344,0.448977,0.343067,0.312431,0.280025,0.349498,0.321786,0.261575,0.282746,0.433356,0.233565,0.270476,0.231965,0.121248,0.135816,0.116844,0.112050,0.088893,0.094488,0.088234,0.075067,0.101054,0,1
-51.334520,4.703974,0.153186,1.123301,-0.019498,0.582353,0.552880,-0.037138,0.151798,0.361175,0.190817,0.205312,0.218227,2.481159,0.952661,0.729688,0.614854,0.543434,0.498708,0.485083,0.472818,0.428172,0.429287,0.416283,0.402379,0.423328,1.229489,0.681299,0.532035,0.472786,0.319410,0.380924,0.375232,0.309019,0.233308,0.292634,0.308648,0.223060,0.230399,0.637115,0.246077,0.194674,0.167332,0.155165,0.121930,0.114807,0.116772,0.095361,0.093554,0.103389,0.080638,0.110428,0,1
-44.117936,3.014746,-0.687832,1.064510,0.254109,-0.144126,0.220199,0.122691,0.269386,0.318640,0.227088,0.007679,0.319954,1.445900,0.774535,0.723770,0.691399,0.524442,0.493261,0.487170,0.450043,0.426727,0.399293,0.418426,0.423175,0.427335,0.884566,0.616608,0.525904,0.576346,0.414545,0.352919,0.331667,0.258488,0.267106,0.232086,0.218494,0.243839,0.234471,0.741126,0.336490,0.247105,0.238675,0.160633,0.122065,0.121135,0.107133,0.088894,0.080749,0.088450,0.106351,0.116013,0,1
-47.768573,3.116289,-0.609412,1.485287,-0.281356,0.478824,0.404763,-0.051741,0.187006,0.246785,0.311470,0.158688,0.217755,2.137486,0.918522,0.861439,0.727998,0.638017,0.486160,0.501026,0.485751,0.477435,0.435298,0.427223,0.423187,0.408307,1.292385,0.715903,0.532629,0.740449,0.452910,0.281906,0.264172,0.320881,0.227883,0.231885,0.202750,0.249451,0.263854,0.649008,0.311915,0.271199,0.274625,0.224584,0.119569,0.132988,0.130527,0.116735,0.089775,0.100934,0.104330,0.099733,0,1
-45.037387,2.585686,-1.059812,0.511688,-0.064460,0.422333,0.351208,0.176706,0.249850,0.176390,-0.185511,0.110851,0.051715,1.376116,0.676999,0.705217,0.642285,0.583437,0.495893,0.482112,0.493155,0.470052,0.479728,0.477025,0.437427,0.439881,1.267576,0.644495,0.778702,0.561950,0.750042,0.529316,0.353133,0.389690,0.409946,0.421740,0.377674,0.467676,0.470376,0.634967,0.232666,0.224519,0.211518,0.157812,0.121655,0.121641,0.127703,0.126825,0.123598,0.131982,0.106637,0.127818,0,1
-46.785818,3.966955,-1.440349,1.240633,0.718108,0.201673,0.333805,0.511812,0.134521,0.339910,0.293613,-0.167664,-0.186525,1.168849,0.606103,0.683691,0.504736,0.456213,0.440145,0.401081,0.418305,0.406656,0.366074,0.379884,0.393242,0.351386,1.567567,0.662690,0.588116,0.520746,0.591022,0.408960,0.211283,0.211887,0.235285,0.221315,0.247750,0.204664,0.195376,0.572514,0.189715,0.238576,0.123647,0.101090,0.104242,0.085786,0.095763,0.075591,0.070035,0.073216,0.077724,0.071317,0,1
-48.157117,2.168080,0.248342,1.575791,0.187042,0.458064,0.052584,0.396959,0.271404,0.566049,0.221228,0.194504,0.174661,2.492229,0.884581,0.812518,0.831177,0.713713,0.612459,0.516139,0.490364,0.461833,0.481156,0.460493,0.488012,0.448958,2.104731,0.592329,0.691495,0.685363,0.347855,0.547846,0.291395,0.296133,0.261474,0.258142,0.306666,0.354812,0.419303,1.159920,0.309716,0.298900,0.268217,0.203582,0.169159,0.136963,0.121868,0.118700,0.100423,0.104069,0.141609,0.116165,0,1
-45.888566,3.007403,-1.335033,0.973036,0.406898,0.581199,0.099085,0.358317,0.177002,0.173256,-0.147359,0.049456,0.457430,1.763444,0.701807,0.751166,0.642391,0.506417,0.509311,0.492112,0.439494,0.435093,0.420482,0.417816,0.410678,0.385894,1.330072,0.775274,0.610874,0.574532,0.418139,0.417172,0.351298,0.269899,0.276790,0.335044,0.309682,0.252892,0.249899,0.864232,0.238456,0.330226,0.179317,0.146951,0.154911,0.127567,0.091726,0.095520,0.087240,0.102733,0.119421,0.090644,0,1
-48.464384,3.338884,0.143555,1.416561,0.172937,0.449785,0.077632,0.392919,0.072295,0.113085,0.174833,0.027443,0.129409,2.310879,0.942581,0.843886,0.762487,0.546042,0.500650,0.465003,0.476357,0.419914,0.421554,0.412694,0.395330,0.376977,2.163793,0.997674,0.940607,0.839984,0.420112,0.312718,0.257687,0.250285,0.298558,0.394029,0.260941,0.269459,0.228200,0.936058,0.376963,0.298117,0.246534,0.144703,0.129540,0.128579,0.123475,0.109564,0.117887,0.104691,0.109263,0.090037,0,1
-47.487698,2.937077,-1.216276,0.735476,-0.384341,0.662300,-0.253247,0.558236,0.253532,0.264879,0.238520,-0.016126,0.274568,2.737276,0.859349,0.856188,0.614221,0.562605,0.554762,0.522654,0.498363,0.475914,0.486444,0.468550,0.460816,0.476025,2.765695,0.754454,0.776051,0.546829,0.414965,0.465800,0.331854,0.330475,0.341284,0.331675,0.323888,0.334772,0.374394,1.377830,0.268953,0.315199,0.187470,0.180421,0.168295,0.145907,0.123307,0.140046,0.141304,0.128607,0.128845,0.165969,0,1
-49.618476,6.452746,-0.514677,0.534476,-0.004591,0.553037,0.246541,0.340871,-0.062830,-0.169688,-0.294451,-0.220641,-0.199593,1.797090,0.966583,0.801115,0.578224,0.500552,0.474735,0.429181,0.428847,0.450950,0.403777,0.438164,0.431909,0.408193,1.929984,1.174884,0.830187,0.865817,0.467573,0.433521,0.408339,0.470280,0.428116,0.443676,0.546072,0.389439,0.582369,0.771279,0.457643,0.272208,0.244348,0.161049,0.122020,0.109559,0.104994,0.126397,0.088539,0.114724,0.133249,0.114402,0,1
-51.185648,4.679069,-0.614901,3.499788,-0.071923,1.255379,-0.308784,0.685193,0.113851,0.148745,0.091244,0.183029,-0.075658,1.748766,0.819859,0.583145,0.501338,0.536161,0.484615,0.447815,0.410456,0.412593,0.417321,0.373922,0.390088,0.362497,3.062569,0.740450,0.670817,0.352098,0.390340,0.282092,0.262949,0.203192,0.318431,0.244694,0.286579,0.205609,0.253965,0.945932,0.348641,0.209210,0.111921,0.155269,0.114914,0.108783,0.083318,0.096113,0.105583,0.079756,0.075998,0.090416,0,1
-48.332470,4.382751,-0.948930,1.024741,0.517599,0.014393,-0.737650,-0.342586,-0.021460,0.313894,0.141331,0.171353,-0.147744,1.477276,0.922751,0.793404,0.590637,0.515975,0.506544,0.476950,0.452011,0.424250,0.409574,0.416420,0.387024,0.438640,1.890799,0.887055,0.917671,0.380049,0.390808,0.480824,0.396998,0.446397,0.377602,0.267587,0.373108,0.335238,0.313882,0.957308,0.320003,0.207379,0.158052,0.137516,0.129481,0.107253,0.116220,0.101217,0.109613,0.093906,0.088747,0.104517,0,1
-47.613508,2.212550,-0.222306,1.534489,-0.065045,0.450650,0.133607,0.019428,0.131138,-0.094376,-0.039253,-0.038722,-0.061652,1.746229,0.907630,0.703406,0.618081,0.534382,0.565001,0.513250,0.502590,0.482360,0.455120,0.427386,0.419474,0.418118,1.531763,0.793962,0.719163,0.650214,0.558352,0.530779,0.467109,0.507816,0.395665,0.292057,0.275199,0.306076,0.382206,0.925013,0.308289,0.258975,0.240196,0.169759,0.205419,0.172286,0.184944,0.169489,0.135554,0.104121,0.116867,0.122807,0,1
-47.764778,5.246056,-0.970229,1.447173,0.056216,0.514029,0.174759,0.328404,0.211581,0.245581,-0.089377,0.331976,-0.181082,1.688699,1.153559,0.710216,0.576954,0.543987,0.449095,0.473445,0.455737,0.417412,0.424178,0.453675,0.421424,0.400788,1.138605,0.778804,0.525974,0.513732,0.421371,0.401278,0.334234,0.403430,0.314731,0.405287,0.467573,0.288370,0.351513,0.543027,0.415804,0.217451,0.156925,0.132299,0.098371,0.100895,0.102914,0.085583,0.093390,0.109613,0.086008,0.078746,0,1
-51.605809,5.490850,0.185273,1.251151,-0.148886,0.013521,0.385874,0.242658,-0.149637,0.139317,0.248553,0.270061,-0.115442,1.293098,0.773419,0.573551,0.510076,0.476791,0.405169,0.415107,0.415408,0.414908,0.400816,0.368329,0.355597,0.368346,4.708729,1.825217,0.804447,0.575547,0.578506,0.348471,0.365054,0.231340,0.387461,0.302735,0.272339,0.285645,0.243458,0.593078,0.314308,0.192175,0.126907,0.121265,0.096348,0.099440,0.097396,0.094036,0.093216,0.092525,0.073248,0.086383,0,1
-52.393644,5.974496,0.967831,0.837447,-0.070848,0.779164,0.130773,-0.080603,-0.072870,-0.084635,0.056951,0.129749,0.211485,2.158079,1.554082,0.681448,0.520857,0.498559,0.432227,0.439403,0.411317,0.396682,0.404471,0.403142,0.403711,0.388497,2.890601,0.946468,0.841022,0.492550,0.340450,0.257718,0.232461,0.310770,0.246891,0.329839,0.213486,0.388217,0.264472,0.804650,0.535247,0.218306,0.154019,0.126839,0.090989,0.095759,0.103455,0.080857,0.108024,0.094849,0.103105,0.093394,0,1
-48.485473,3.644045,1.581278,0.855703,0.287170,0.458035,-0.061505,-0.063538,-0.223237,0.227832,0.254432,-0.084064,-0.063832,2.066451,1.117902,0.704344,0.560297,0.442205,0.463933,0.445635,0.430908,0.433992,0.412760,0.410828,0.416088,0.399142,1.784646,0.732742,0.678164,0.545737,0.331264,0.370190,0.304872,0.295793,0.360649,0.315889,0.372252,0.325520,0.349998,0.741191,0.312572,0.219912,0.168778,0.099838,0.109422,0.115930,0.100079,0.100759,0.082342,0.088435,0.109051,0.087957,0,1
-54.255976,5.817904,0.291713,1.620934,0.277403,0.830826,0.072815,-0.042423,0.289643,0.115296,0.184167,-0.106476,0.120015,2.366554,1.572590,0.924040,0.696810,0.636668,0.538047,0.496461,0.501607,0.457566,0.476365,0.440201,0.442335,0.410148,4.937098,1.356424,0.993896,0.607212,0.617055,0.555031,0.357051,0.389095,0.321159,0.392029,0.393999,0.353617,0.343723,1.337267,0.733819,0.346275,0.222224,0.181390,0.166746,0.111550,0.144327,0.115189,0.141920,0.119064,0.114507,0.108553,0,1
-44.186539,2.121366,-0.549335,1.088604,0.247017,0.361859,0.086985,-0.047827,0.111411,0.049468,-0.026466,0.121365,0.178696,1.144795,0.613886,0.504487,0.501665,0.460349,0.440185,0.457188,0.432295,0.433169,0.422364,0.391765,0.369652,0.378864,1.064274,0.535123,0.417340,0.434278,0.475435,0.321056,0.306345,0.355920,0.285172,0.309442,0.191037,0.212350,0.232806,0.475225,0.194484,0.137584,0.134832,0.125778,0.089949,0.095326,0.082402,0.089857,0.092295,0.070620,0.067920,0.074883,0,1
-51.589825,3.953704,-0.634840,1.023521,0.506251,0.463203,0.200735,0.227192,-0.022834,0.294742,-0.040999,-0.022880,0.114795,1.269535,1.031130,0.614463,0.560753,0.512217,0.509967,0.514590,0.498783,0.514793,0.486838,0.437694,0.431250,0.431491,1.678015,0.972576,0.558834,0.550202,0.330140,0.397698,0.358441,0.372321,0.431848,0.306464,0.379564,0.310787,0.278304,0.490310,0.425436,0.181647,0.146833,0.114390,0.116351,0.129453,0.127749,0.119485,0.104844,0.100305,0.103019,0.103344,0,1
-49.171734,6.563860,-0.154404,0.860580,0.142940,0.173459,0.157388,-0.104686,-0.082208,-0.118512,0.106917,0.114951,0.094765,1.941992,1.039661,0.780728,0.609166,0.476167,0.519346,0.483956,0.429784,0.415248,0.391909,0.392748,0.361820,0.375235,1.948935,0.685136,0.707098,0.501086,0.259428,0.305646,0.224315,0.219948,0.159516,0.187999,0.215529,0.201443,0.202985,0.699608,0.326724,0.229298,0.148307,0.098668,0.119959,0.112033,0.091485,0.081013,0.079104,0.088779,0.072887,0.077641,0,1
-45.222893,2.370762,0.543758,0.936568,0.166961,0.254919,0.206941,-0.056009,0.170595,0.207055,0.184978,0.079612,0.008586,1.646421,0.778580,0.596549,0.501511,0.415525,0.411054,0.424938,0.397432,0.393232,0.368569,0.385793,0.377281,0.384619,1.499750,0.487997,0.550632,0.436327,0.438771,0.373489,0.340511,0.326667,0.234076,0.275400,0.221156,0.297666,0.307362,0.635034,0.220077,0.173396,0.117684,0.095571,0.087694,0.101473,0.097262,0.100415,0.076387,0.085064,0.086486,0.080631,0,1
-47.836102,3.700018,0.333624,0.031155,0.470880,0.143760,0.387301,-0.052222,-0.041677,0.078644,-0.032005,-0.259208,-0.043204,1.499394,0.909330,0.642561,0.604810,0.484039,0.485334,0.477094,0.472695,0.437452,0.425606,0.413896,0.424001,0.426679,1.432676,0.661156,0.498177,0.579983,0.361443,0.383308,0.318440,0.337145,0.265791,0.247622,0.316797,0.297836,0.294532,0.519686,0.300459,0.169008,0.211009,0.116772,0.135034,0.121517,0.099379,0.106604,0.089451,0.093580,0.102382,0.091718,0,1
-51.614800,5.613496,0.699950,0.473474,0.194414,0.363680,0.231889,0.091525,0.248494,0.206481,0.153111,-0.189256,0.075354,1.207686,0.931484,0.727723,0.676741,0.539501,0.531063,0.487008,0.474033,0.475935,0.450639,0.439036,0.435993,0.440393,1.488324,0.927960,0.619411,0.641706,0.370357,0.429809,0.366021,0.360274,0.357758,0.328864,0.367646,0.341582,0.342197,0.425910,0.395617,0.319656,0.211479,0.149835,0.153037,0.111609,0.114466,0.123913,0.106329,0.110867,0.098287,0.125132,0,1
-56.386089,5.922623,1.583849,0.267245,0.422529,0.648293,0.324417,0.156211,-0.087308,0.142578,0.471074,0.176626,0.120009,1.550305,1.244281,0.844240,0.621872,0.497890,0.450167,0.445017,0.436433,0.427027,0.411201,0.439303,0.405990,0.384170,2.111683,1.138715,1.084727,0.792158,0.520929,0.350846,0.389129,0.363531,0.313416,0.295407,0.370261,0.332364,0.322648,0.555774,0.462873,0.316736,0.237216,0.149172,0.114580,0.109368,0.092380,0.096181,0.089047,0.132221,0.106448,0.101819,0,1
-48.646644,4.162115,-0.572050,0.554733,0.215936,0.342612,0.083382,0.038149,0.033028,0.103841,-0.084158,-0.039493,0.027098,1.451365,0.829393,0.625007,0.588276,0.488164,0.484472,0.471400,0.449548,0.454936,0.427469,0.433427,0.436385,0.446844,1.189361,0.757402,0.502166,0.552979,0.362183,0.384262,0.467209,0.292337,0.286130,0.345950,0.359821,0.377776,0.335894,0.401169,0.233722,0.173265,0.167132,0.094134,0.116090,0.117351,0.097688,0.104232,0.101519,0.114235,0.098967,0.121870,0,1
-55.337345,5.998078,2.319750,1.096348,0.846522,0.636544,0.529693,-0.148110,-0.362709,-0.391516,-0.344958,-0.394908,-0.231454,2.529207,1.322952,0.917309,0.622116,0.543430,0.526829,0.472709,0.445605,0.462623,0.494726,0.457844,0.477390,0.458078,2.753082,1.449760,0.830179,0.860972,0.563588,0.451865,0.450950,0.486256,0.409703,0.583870,0.512426,0.501942,0.460419,1.211772,0.397924,0.338256,0.235114,0.145935,0.150428,0.131648,0.152384,0.132954,0.176619,0.116125,0.179479,0.129032,0,1
-56.506173,4.194683,1.916367,0.850870,0.677243,0.405573,0.539292,0.108670,0.272199,0.209351,0.265003,-0.007151,0.244864,2.462582,1.149070,0.927867,0.705279,0.638489,0.556193,0.506413,0.493333,0.474111,0.447238,0.463416,0.418447,0.450824,3.295928,1.085709,1.238627,0.818448,0.707702,0.612232,0.470846,0.375388,0.311837,0.277850,0.449722,0.381541,0.445650,1.234985,0.493722,0.393905,0.253688,0.253899,0.185078,0.158159,0.130792,0.114154,0.131749,0.114859,0.107210,0.142404,0,1
-60.431241,6.976371,1.653493,1.401441,0.591576,0.565089,0.351917,-0.090156,0.004674,0.087477,0.274954,-0.009394,-0.084320,2.383562,1.628706,1.080962,0.870034,0.687229,0.541542,0.534154,0.554756,0.471763,0.507131,0.452743,0.472990,0.435609,4.056816,1.785655,1.265794,1.106356,0.708019,0.568677,0.636734,0.639533,0.489273,0.774113,0.555759,0.548641,0.446146,1.166576,0.738577,0.429306,0.406972,0.302094,0.190372,0.191644,0.201469,0.162445,0.209176,0.167201,0.156248,0.164834,0,1
-49.709897,3.890508,-0.131779,1.038145,0.583934,0.452898,0.473325,0.004757,0.090283,0.114979,0.212690,0.020018,-0.075428,2.967032,0.856825,0.856212,0.708641,0.599197,0.500989,0.469417,0.511732,0.493395,0.467760,0.424391,0.484974,0.428397,2.183919,0.549507,0.611648,0.617046,0.641659,0.321464,0.279115,0.394639,0.328046,0.318957,0.332202,0.292782,0.240350,0.841849,0.243277,0.244930,0.234361,0.189436,0.135182,0.108978,0.141127,0.118621,0.116687,0.102128,0.133963,0.099577,0,1
-47.883420,3.246928,-0.253247,1.001966,-0.115287,0.179370,0.175650,0.265977,0.165723,0.205950,0.288297,-0.116905,0.231862,1.917401,0.746628,0.660119,0.665227,0.526325,0.518886,0.458712,0.510967,0.496817,0.409699,0.430964,0.394424,0.396958,1.953060,0.784920,0.743896,0.686369,0.346820,0.490890,0.338847,0.419291,0.400606,0.276232,0.237864,0.214430,0.260218,1.022369,0.279239,0.268974,0.263070,0.146995,0.154853,0.135857,0.163912,0.147345,0.103522,0.109911,0.083843,0.107195,0,1
-56.704032,3.992220,0.285101,1.913656,0.326760,0.027602,0.654546,-0.141337,0.214137,0.292471,0.053660,-0.022697,-0.013744,2.826153,1.151696,0.865193,0.763526,0.578270,0.544117,0.486636,0.513562,0.457385,0.435917,0.409594,0.388269,0.387553,4.870299,1.101298,1.030174,0.895818,0.740719,0.690037,0.474714,0.608812,0.395612,0.424561,0.331458,0.323802,0.301152,1.202406,0.417119,0.335445,0.295146,0.215162,0.166358,0.123688,0.137475,0.129214,0.115271,0.112159,0.119233,0.120492,0,1
-50.275748,3.491500,0.846221,1.549626,-0.096473,-0.024056,0.443564,-0.013127,0.191340,0.210354,0.328331,-0.098579,0.090599,2.391640,0.966773,0.788578,0.807259,0.613434,0.546305,0.523296,0.564054,0.471817,0.433723,0.421989,0.426347,0.384641,1.763272,0.915806,0.682630,0.808986,0.536628,0.489523,0.346232,0.490440,0.389018,0.356069,0.329331,0.295990,0.229669,1.291949,0.412174,0.323462,0.312380,0.232961,0.134799,0.137744,0.191949,0.124019,0.105790,0.099375,0.104416,0.094421,0,1
-50.010082,3.195407,0.603932,1.334931,0.463932,0.576233,0.497808,-0.048757,0.269412,-0.064177,0.184599,0.229816,0.158147,1.730073,0.802644,0.746556,0.634678,0.539058,0.510764,0.474489,0.517876,0.478287,0.455400,0.438950,0.403795,0.402069,1.587266,0.665292,0.585307,0.471874,0.394476,0.408098,0.322108,0.388981,0.352563,0.303714,0.318998,0.193957,0.261046,0.725720,0.297499,0.303118,0.265713,0.178051,0.148511,0.146413,0.156311,0.163138,0.115311,0.118812,0.094509,0.098027,0,1
-53.977317,3.409168,0.999920,1.684790,0.436817,0.034092,0.491615,-0.642927,0.171806,-0.387262,0.041343,0.009766,-0.000682,1.876509,0.964098,0.739146,0.617758,0.568806,0.500925,0.521395,0.615824,0.492473,0.473870,0.459095,0.420796,0.451312,1.640277,1.099181,0.769740,0.534432,0.553096,0.551915,0.444445,0.658863,0.449038,0.405073,0.373301,0.408355,0.529464,0.846575,0.342145,0.242924,0.213695,0.211117,0.148192,0.158214,0.223162,0.150596,0.139964,0.130448,0.098371,0.133270,0,1
-53.577313,2.667451,1.025390,2.146214,0.525013,0.659682,0.443634,0.237757,-0.021312,-0.402567,0.395028,0.040965,-0.080832,2.343921,1.237199,0.882479,0.771810,0.587849,0.543010,0.530818,0.546899,0.500384,0.506386,0.455308,0.502798,0.423610,2.220644,0.835439,0.524453,0.862689,0.530353,0.559884,0.407034,0.364968,0.444369,0.333426,0.414151,0.361156,0.298112,0.889007,0.502244,0.352219,0.305195,0.235523,0.162887,0.134176,0.165804,0.128755,0.148998,0.122934,0.158077,0.120686,0,1
-48.126192,3.845140,0.208885,0.832881,0.276396,0.519249,0.184168,0.062852,0.148938,0.377511,0.060394,0.051242,0.205912,2.688035,0.917626,0.680872,0.779979,0.578267,0.496115,0.505797,0.476527,0.468865,0.417691,0.416760,0.450083,0.418918,2.178800,0.682708,0.656695,0.650337,0.464962,0.264986,0.295469,0.361281,0.247661,0.185364,0.230254,0.277511,0.271585,0.836413,0.256860,0.209345,0.244686,0.190841,0.112315,0.137924,0.102111,0.109835,0.092054,0.081240,0.122295,0.114338,0,1
-48.857812,4.612089,0.876639,0.971513,0.358016,0.287592,0.047469,0.124876,0.062756,0.337750,0.040816,0.114288,0.322377,2.427627,1.081503,0.759633,0.727145,0.529320,0.466869,0.510171,0.450470,0.460446,0.422742,0.408298,0.403999,0.407516,2.404905,1.099377,0.921355,0.887280,0.399227,0.339827,0.383079,0.321344,0.396877,0.346603,0.272997,0.295081,0.348271,0.943770,0.388095,0.305430,0.299767,0.150492,0.123135,0.146723,0.105871,0.127160,0.099686,0.095535,0.095897,0.086907,0,1
-46.941571,3.596386,0.368709,0.947305,0.315547,0.362529,0.228515,0.175953,0.123235,0.178953,0.086845,0.176405,0.135381,2.071855,0.939559,0.626255,0.578748,0.471099,0.448582,0.454795,0.413180,0.435134,0.387659,0.407400,0.388790,0.399582,1.332100,0.642677,0.445406,0.514150,0.242784,0.258526,0.272918,0.234711,0.336001,0.209789,0.239269,0.207994,0.270128,0.627018,0.233748,0.181698,0.190336,0.094984,0.112515,0.103152,0.087129,0.104586,0.087152,0.092311,0.087762,0.100346,0,1
-47.854771,3.561870,0.808085,1.191346,0.321995,0.462685,-0.025611,0.332639,0.057231,0.128574,-0.197052,-0.021853,0.089621,1.517284,0.658014,0.532085,0.547001,0.495514,0.482697,0.454344,0.437418,0.413312,0.417407,0.409416,0.400678,0.399885,1.943152,0.551945,0.651038,0.535567,0.339630,0.330354,0.346645,0.303654,0.278226,0.293277,0.253978,0.299307,0.235339,0.649301,0.228164,0.182224,0.191630,0.155427,0.116783,0.102657,0.117558,0.096582,0.097748,0.090333,0.086863,0.096273,0,1
-50.140382,3.367940,1.026895,0.987346,0.575900,0.381207,0.143861,0.285578,0.274584,0.397993,-0.037112,0.060533,0.170581,2.943034,1.165251,0.858186,0.695781,0.578380,0.549415,0.568139,0.535620,0.511006,0.461778,0.460415,0.458576,0.462233,2.376924,1.044027,0.879827,0.586877,0.489161,0.467451,0.476321,0.420999,0.450548,0.280325,0.364743,0.340993,0.383926,0.974632,0.477930,0.309498,0.216102,0.160547,0.187166,0.158481,0.153340,0.154399,0.120582,0.115452,0.125855,0.118409,0,1
-50.267930,5.173561,0.491561,1.100350,0.422453,0.374832,0.341957,0.224853,0.033623,0.278043,-0.035607,0.106462,0.307601,1.969289,1.077367,0.759524,0.724928,0.573835,0.519103,0.486575,0.482469,0.445556,0.436581,0.426684,0.408872,0.398718,2.099111,1.198205,0.741383,0.901527,0.508657,0.480408,0.393002,0.331118,0.357468,0.325409,0.310794,0.321597,0.333757,0.743198,0.489144,0.320171,0.298820,0.174145,0.157832,0.140720,0.147220,0.127884,0.115040,0.102828,0.113618,0.099795,0,1
-49.682536,3.681687,0.270237,1.001682,0.010255,0.514356,0.317089,0.255527,0.260749,0.311440,0.083879,-0.014834,0.055731,2.389582,0.853365,0.814195,0.657965,0.602563,0.537941,0.526427,0.508376,0.500277,0.492261,0.453914,0.426660,0.421246,2.203617,0.697729,0.741783,0.639093,0.463093,0.356937,0.322427,0.268057,0.401625,0.376937,0.320842,0.242259,0.351560,1.033827,0.268678,0.285014,0.196340,0.165997,0.139426,0.142206,0.120896,0.127584,0.110213,0.103714,0.110404,0.116291,0,1
-50.618308,4.879256,0.764102,0.848467,0.946236,0.201259,0.130823,0.377040,0.289291,0.290518,0.144116,0.337759,0.171533,2.219749,1.228498,0.781674,0.697918,0.527478,0.503227,0.529726,0.455348,0.433751,0.440133,0.384419,0.390602,0.375001,1.937685,0.933327,0.769897,0.790198,0.562448,0.416298,0.491629,0.368252,0.300904,0.371267,0.262989,0.255121,0.343486,0.813267,0.454545,0.320498,0.258509,0.166803,0.159758,0.154455,0.135286,0.110330,0.131372,0.085056,0.094914,0.104855,0,1
-48.123284,3.984009,0.110522,1.031958,0.131453,0.415413,-0.029606,0.419289,0.096070,0.216718,0.363570,0.005051,0.220908,1.956552,0.962695,0.712532,0.571801,0.496071,0.513908,0.479102,0.464759,0.462084,0.429115,0.410505,0.416226,0.442821,1.529518,0.724181,0.531962,0.494878,0.367467,0.372496,0.307164,0.311170,0.347463,0.270467,0.317897,0.286555,0.299024,0.779758,0.338076,0.228190,0.147012,0.138142,0.137041,0.109889,0.114279,0.094876,0.099239,0.091427,0.082655,0.121891,0,1
-48.044935,3.107625,0.385206,0.908021,0.079206,0.359050,-0.123971,0.567734,0.137239,-0.122785,0.154213,-0.196176,0.101745,1.738337,0.809366,0.615154,0.559132,0.516543,0.500174,0.491137,0.463705,0.452270,0.458220,0.468484,0.447337,0.438289,1.172679,0.572021,0.533658,0.502095,0.378786,0.448149,0.327007,0.331104,0.351161,0.343347,0.373726,0.322007,0.424080,0.607924,0.269683,0.191397,0.166560,0.132507,0.127844,0.114128,0.130994,0.109786,0.109968,0.119719,0.116956,0.115025,0,1
-49.658662,3.088257,0.030878,0.761539,-0.210902,0.293087,-0.352117,0.226878,0.223102,-0.102358,0.158790,0.064442,0.135025,2.510366,0.826590,0.726184,0.691036,0.585890,0.505156,0.514705,0.487410,0.437638,0.455521,0.464787,0.419458,0.446925,3.089255,0.887673,0.628072,0.694210,0.397476,0.386890,0.414441,0.440142,0.336268,0.410889,0.475926,0.297882,0.344942,1.482196,0.381554,0.252732,0.261092,0.155156,0.137205,0.150086,0.126980,0.127867,0.132862,0.132468,0.107952,0.130039,0,1
-48.626023,2.334598,0.180386,0.602104,-0.021109,0.223943,0.041725,0.351436,0.153533,-0.102764,0.189836,-0.224590,0.075210,1.819036,0.639624,0.649189,0.570700,0.526153,0.472776,0.477506,0.427176,0.441276,0.436256,0.424127,0.411185,0.444755,2.135935,0.709717,0.562456,0.676744,0.508222,0.411795,0.348521,0.351133,0.325670,0.328666,0.418493,0.342402,0.380448,0.880004,0.209265,0.225730,0.213525,0.164789,0.112105,0.131941,0.099239,0.117527,0.109662,0.118403,0.108582,0.127498,0,1
-49.715961,3.965680,0.842023,1.508669,0.201352,0.405891,0.075608,0.311830,-0.040052,0.032087,0.150055,-0.148637,0.160021,1.496987,0.812305,0.593135,0.505253,0.467548,0.440547,0.456397,0.414846,0.420767,0.385863,0.413971,0.414755,0.398827,1.200690,0.591323,0.610496,0.566063,0.287915,0.297807,0.380591,0.300862,0.316203,0.301045,0.305684,0.319590,0.366918,0.600650,0.307015,0.185864,0.162281,0.112415,0.096257,0.129847,0.099466,0.099126,0.082381,0.095469,0.086702,0.111327,0,1
-48.528581,3.250768,0.299666,0.706817,0.376645,0.434385,0.036141,0.376864,0.106897,0.181829,0.275805,-0.067242,-0.071164,1.491057,0.860572,0.704788,0.605596,0.485190,0.502944,0.467715,0.431261,0.454393,0.423071,0.416250,0.402364,0.395508,1.933066,0.926061,0.579593,0.623144,0.495490,0.546529,0.351643,0.396004,0.391222,0.332458,0.362318,0.378533,0.385428,0.754731,0.348357,0.239395,0.219140,0.154151,0.121289,0.120913,0.108181,0.113377,0.111446,0.082788,0.097689,0.086104,0,1
-52.435643,3.606922,-0.197255,1.201334,0.180864,0.307244,0.022880,0.288570,0.174435,-0.061272,0.023103,-0.200717,0.340449,1.814218,0.874802,0.646139,0.628663,0.549944,0.459898,0.451461,0.472766,0.440547,0.431558,0.414954,0.419563,0.456876,2.986078,1.038108,0.573784,0.678637,0.635856,0.525630,0.400367,0.445609,0.544539,0.502712,0.441042,0.414200,0.497022,0.877557,0.438171,0.258063,0.219071,0.216104,0.147782,0.122580,0.137342,0.128748,0.128102,0.114764,0.111080,0.143502,0,1
-52.115734,3.106333,-0.013474,1.692306,0.112732,0.287085,0.042175,-0.150967,-0.044994,0.014508,-0.081274,0.144667,-0.047294,2.461532,1.269951,0.917018,0.816471,0.626160,0.560315,0.525082,0.528500,0.447124,0.455870,0.431138,0.404020,0.415602,5.825482,1.323448,1.117405,0.623914,0.569810,0.401607,0.516244,0.514502,0.283387,0.282150,0.269823,0.294535,0.287959,1.208891,0.775541,0.365262,0.359592,0.232940,0.175835,0.166019,0.155483,0.120777,0.122614,0.119113,0.107997,0.120464,0,1
-45.259842,3.532937,-0.707546,1.197946,0.096926,-0.001359,0.305178,0.129579,0.350720,0.102116,0.280596,0.150451,0.009143,1.084416,0.610426,0.598361,0.549417,0.480895,0.460083,0.399782,0.391411,0.387546,0.395150,0.401352,0.379644,0.361775,0.960620,0.466793,0.519479,0.581621,0.354430,0.358484,0.232414,0.221713,0.295197,0.243413,0.278121,0.234672,0.234556,0.495384,0.222890,0.198478,0.205229,0.127379,0.130385,0.090391,0.109622,0.085991,0.090762,0.084276,0.093800,0.084051,0,1
-49.517013,2.386536,-0.806284,1.295968,-0.039388,0.118458,-0.132776,0.328507,-0.070528,0.229755,0.092722,0.165175,-0.055962,2.658239,0.885645,0.833585,0.708433,0.521612,0.581562,0.509103,0.489087,0.480558,0.429221,0.438829,0.441057,0.459515,2.511183,0.924055,0.741395,0.654302,0.376087,0.432206,0.302591,0.338449,0.339565,0.303523,0.294027,0.319456,0.400828,1.524273,0.315256,0.340757,0.292927,0.151340,0.211322,0.154099,0.137504,0.151922,0.141011,0.135395,0.152608,0.177351,0,1
-51.193664,5.307028,-0.290587,0.899092,0.001154,0.516449,0.303642,0.349154,0.132521,0.221835,0.334678,0.017764,-0.110256,2.291363,1.170753,0.728657,0.603291,0.489598,0.459490,0.454135,0.474273,0.440574,0.416751,0.388979,0.429595,0.391607,1.668643,0.793001,0.518384,0.589667,0.355586,0.378506,0.283811,0.426399,0.303098,0.297044,0.241303,0.324974,0.271151,0.708409,0.432123,0.249912,0.230609,0.144186,0.122711,0.153489,0.146583,0.132402,0.101057,0.103676,0.114756,0.115349,0,1
-47.433884,2.754300,0.852074,0.369742,-0.290961,0.254347,0.211731,0.032830,-0.340416,-0.098854,-0.446425,-0.238083,-0.499595,1.682081,0.901342,0.663092,0.853652,0.638979,0.495336,0.532576,0.549178,0.510505,0.531808,0.509872,0.549360,0.497550,2.122026,0.966156,0.675092,0.830226,0.516111,0.516685,0.667200,0.615126,0.754223,0.634016,0.566821,0.637423,0.897641,0.732827,0.310239,0.166354,0.325659,0.187407,0.129339,0.139497,0.170264,0.151787,0.158809,0.168281,0.188128,0.195707,0,1
-46.986868,3.192039,-0.797165,1.297255,-0.277936,0.502295,0.086867,-0.044339,0.285000,-0.008217,0.447457,0.077579,0.110480,1.006035,0.823046,0.658944,0.584219,0.501936,0.448837,0.460167,0.410276,0.427716,0.396291,0.389018,0.382190,0.372432,1.048793,0.791009,0.561886,0.495927,0.321678,0.274989,0.335860,0.220517,0.245117,0.237874,0.224977,0.210319,0.238576,0.389587,0.240655,0.192468,0.165937,0.113861,0.108342,0.098882,0.086141,0.098496,0.075324,0.083737,0.080968,0.077305,0,1
-46.738490,3.038539,-0.776104,1.550747,0.041489,0.249734,-0.074601,0.102504,-0.019676,-0.013185,0.243467,0.141908,0.302297,1.216422,0.730095,0.532645,0.515136,0.455954,0.437767,0.449268,0.448968,0.415546,0.427848,0.408528,0.381987,0.382232,0.610428,0.556123,0.356113,0.366913,0.233581,0.259987,0.288085,0.267462,0.227919,0.218403,0.250222,0.225594,0.211315,0.283697,0.205689,0.137379,0.126133,0.088492,0.083359,0.090834,0.085351,0.098736,0.096161,0.090166,0.078787,0.073570,0,1
-48.735208,4.554325,-1.164624,1.696731,0.081271,0.262083,0.083083,-0.066273,0.337537,0.373968,0.069591,-0.119182,0.047605,0.978604,0.734351,0.644699,0.562041,0.471582,0.436090,0.432615,0.419236,0.417512,0.425543,0.400046,0.390401,0.347197,1.250113,0.808263,0.614620,0.701156,0.366032,0.277929,0.327777,0.341791,0.291522,0.280994,0.266741,0.274894,0.223776,0.325391,0.294413,0.205934,0.183765,0.106378,0.092752,0.098138,0.103862,0.088752,0.086961,0.081780,0.071483,0.066862,0,1
-47.718377,2.217599,-0.873730,1.742864,0.321485,0.624432,0.338786,0.381601,0.403430,0.326978,0.185776,0.004783,-0.062097,0.725178,0.545143,0.526378,0.455397,0.407142,0.423719,0.383265,0.420558,0.379599,0.386101,0.368840,0.374098,0.333353,1.401698,0.473616,0.571673,0.354140,0.279655,0.299149,0.353069,0.273108,0.264120,0.243296,0.257023,0.257090,0.249599,0.322918,0.143402,0.113708,0.089051,0.082590,0.103054,0.087181,0.106008,0.078203,0.069446,0.082563,0.085682,0.067885,0,1
-51.358645,4.232271,0.312264,2.113801,-0.008980,0.307172,0.065931,-0.230921,0.017701,0.240902,0.240936,0.113287,0.308573,1.478324,0.824125,0.642257,0.602864,0.473522,0.471298,0.467987,0.424647,0.463339,0.425593,0.402490,0.401580,0.407121,2.158852,0.930971,0.662677,0.726542,0.411806,0.394712,0.400663,0.361032,0.502276,0.405074,0.353265,0.294220,0.339527,0.556747,0.254739,0.233052,0.208393,0.113655,0.110458,0.107203,0.101851,0.138291,0.113767,0.095739,0.086735,0.086356,0,1
-50.667651,4.371232,-0.443956,1.587094,0.156369,0.291103,0.241738,-0.070982,-0.223541,0.297423,0.052202,-0.298958,0.174221,1.182077,0.679687,0.585794,0.492796,0.455634,0.419247,0.421452,0.415009,0.394686,0.391358,0.409454,0.390271,0.380788,2.934507,0.714462,0.465628,0.383110,0.252759,0.202295,0.318331,0.283938,0.223625,0.234343,0.198336,0.217462,0.221273,0.632584,0.241759,0.178728,0.123994,0.118633,0.079708,0.108025,0.094292,0.085277,0.085747,0.083978,0.084501,0.076434,0,1
-49.493424,3.781901,-0.752674,1.722040,-0.093626,0.669312,0.378113,0.319560,-0.071354,0.328749,0.256525,-0.112752,0.170686,1.053327,0.749747,0.620847,0.535334,0.468816,0.416372,0.445216,0.415722,0.436072,0.386745,0.392502,0.379961,0.373397,2.030780,0.719848,0.683178,0.643600,0.385556,0.328661,0.361538,0.265074,0.355911,0.263676,0.319983,0.220645,0.209559,0.478453,0.292262,0.195857,0.138694,0.096349,0.083379,0.094028,0.081013,0.103978,0.079312,0.065216,0.071746,0.086353,0,1
-55.683287,5.173510,0.371815,2.573302,0.696266,0.422845,0.116447,0.313330,0.254705,0.343954,0.269029,0.029243,0.271162,1.599564,0.931917,0.753492,0.640926,0.536500,0.498374,0.466826,0.445434,0.401975,0.418987,0.392352,0.389170,0.408170,5.847419,1.030356,1.149781,0.784452,0.632766,0.464124,0.465964,0.461663,0.341566,0.354965,0.298968,0.338135,0.346755,0.885027,0.430782,0.293847,0.213137,0.190713,0.145073,0.126853,0.104900,0.091918,0.103852,0.103874,0.094413,0.108987,0,1
-55.357399,5.033849,-0.339159,1.538440,0.169908,0.635824,-0.099054,-0.020255,0.265221,0.638052,-0.005074,-0.012383,0.111254,1.328671,0.815059,0.596970,0.543617,0.518279,0.472335,0.485714,0.458629,0.417268,0.406418,0.437460,0.404285,0.404567,4.632828,1.946715,1.038252,0.680454,0.604304,0.360208,0.368776,0.365320,0.352583,0.372478,0.336038,0.316584,0.326057,1.262859,0.396466,0.235967,0.158575,0.141226,0.135842,0.145119,0.116000,0.097994,0.102935,0.108639,0.105507,0.104959,0,1
-56.411538,5.709272,-1.358233,0.451786,-0.022555,0.579584,-0.221961,-0.283526,-0.213742,0.008083,0.185754,-0.290032,-0.113849,1.250258,0.693407,0.637130,0.533326,0.479411,0.516692,0.534724,0.502065,0.521496,0.567291,0.560051,0.572918,0.554661,2.085408,0.696448,0.670987,0.698349,0.389081,0.533821,0.689501,0.406290,0.548501,0.780134,0.793453,0.665910,0.540298,0.419814,0.239429,0.204144,0.144764,0.095408,0.136502,0.151183,0.142380,0.139230,0.171663,0.161222,0.184129,0.174615,1,0
-58.689842,6.121164,-0.886675,0.351073,0.056894,0.912353,0.004073,0.024559,-0.327030,-0.463031,-0.016987,0.058083,0.480226,0.902331,0.695416,0.550899,0.541993,0.471818,0.478109,0.480352,0.449941,0.456730,0.474003,0.474461,0.490790,0.449330,1.683149,1.161727,0.748981,0.886189,0.512698,0.740565,0.563434,0.515549,0.677334,0.867948,0.856274,0.910843,0.668281,0.353935,0.271327,0.184601,0.164014,0.120160,0.128380,0.140434,0.113671,0.131860,0.156981,0.163583,0.196623,0.161237,1,0
-54.813332,5.788564,-1.054745,0.511408,0.080241,0.908571,-0.035266,-0.162105,-0.440825,-0.331872,-0.084194,-0.234237,0.098953,1.270076,0.713261,0.565126,0.544540,0.471110,0.511380,0.522788,0.472699,0.494471,0.521242,0.517735,0.561645,0.527583,1.392157,0.625907,0.506035,0.687609,0.277889,0.521127,0.424863,0.315522,0.428994,0.437621,0.490561,0.551178,0.454690,0.363952,0.205623,0.157345,0.148527,0.109048,0.130978,0.142693,0.106583,0.135699,0.151370,0.151389,0.199102,0.164404,1,0
-58.566202,4.928203,-1.248207,0.837207,-0.036471,1.055454,-0.759499,-0.087514,-0.174439,-0.399893,-0.101081,0.487376,-0.177219,0.915705,0.698195,0.552603,0.514011,0.485144,0.492025,0.476537,0.489601,0.502710,0.465360,0.532236,0.514130,0.480270,3.675079,1.223104,1.017069,0.543185,0.479923,0.652524,0.555516,0.716046,0.804137,0.656801,1.024306,0.897467,0.646674,0.397822,0.274308,0.189014,0.164299,0.137476,0.149304,0.133015,0.129371,0.174304,0.140698,0.229798,0.212421,0.150757,1,0
-55.053173,5.036084,-1.061417,0.890077,-0.253171,0.362559,-0.179419,0.605127,0.188129,-0.220681,-0.107174,0.005789,-0.099174,0.993506,0.722569,0.574357,0.575872,0.512910,0.540031,0.538319,0.615468,0.590722,0.610042,0.621250,0.523947,0.537465,1.421918,0.888843,0.575918,0.516504,0.522796,0.569255,0.649763,0.870435,0.709940,0.768744,0.834231,0.531165,0.542861,0.299304,0.234014,0.145841,0.168752,0.149021,0.129108,0.154437,0.228837,0.200282,0.223406,0.226725,0.161161,0.161386,1,0
-56.465568,6.053108,-0.670616,1.672995,-0.320712,0.230950,-0.252295,0.108850,-0.048109,-0.032799,0.025409,-0.145823,-0.256440,1.682058,0.761662,0.536146,0.517313,0.506673,0.480628,0.474570,0.495885,0.513051,0.499548,0.483968,0.473753,0.450236,4.749092,0.864077,0.442446,0.336326,0.368053,0.324845,0.303728,0.395769,0.454721,0.439810,0.464326,0.435293,0.461895,1.046364,0.288429,0.128585,0.115770,0.124292,0.132355,0.108175,0.142534,0.148518,0.136004,0.151607,0.105439,0.121776,1,0
-57.698914,5.922848,-0.296986,1.644604,-0.122819,0.147642,-0.224837,0.050115,-0.260001,-0.477820,-0.125531,-0.098716,0.191396,1.005537,0.569596,0.488594,0.502112,0.470180,0.451089,0.482377,0.467388,0.458185,0.449497,0.463378,0.421080,0.433121,3.566136,0.968444,0.399018,0.474725,0.481756,0.372907,0.621532,0.659807,0.545270,0.546586,0.563776,0.531439,0.593078,0.643538,0.187679,0.130991,0.119705,0.112368,0.109557,0.112659,0.121549,0.107152,0.135701,0.138199,0.105675,0.165407,1,0
-57.821806,5.936773,-0.488615,1.456747,-0.284333,0.276173,-0.270660,0.131918,0.125268,0.147795,0.086335,-0.259821,-0.273557,1.607740,0.767185,0.533672,0.529926,0.523893,0.454860,0.486749,0.457096,0.466221,0.471744,0.496897,0.484885,0.458792,5.564199,1.197914,0.768566,0.511944,0.454169,0.526462,0.604125,0.577655,0.453200,0.502687,0.574820,0.591490,0.704436,1.188497,0.293437,0.168760,0.125804,0.130361,0.105793,0.141308,0.104937,0.118584,0.125320,0.154744,0.141440,0.166922,1,0
-57.754667,5.579055,-0.565288,1.505042,-0.360420,-0.079801,-0.240872,0.125442,-0.119508,-0.317641,0.044844,-0.230102,-0.059831,1.309683,0.714985,0.582834,0.507572,0.518215,0.485126,0.513681,0.519017,0.533026,0.559155,0.536534,0.536072,0.537898,4.038961,0.942413,0.490590,0.344398,0.431855,0.434561,0.407717,0.478047,0.561873,0.682004,0.638812,0.646160,0.631427,0.640164,0.258844,0.155143,0.103640,0.125447,0.106047,0.126798,0.153244,0.176412,0.176793,0.179036,0.157903,0.159385,1,0
-61.470387,6.188776,0.672483,1.656535,-0.355965,0.562096,-0.144847,0.136847,0.094270,-0.158932,0.189192,0.025116,0.085712,0.789007,0.557974,0.437391,0.456869,0.447233,0.440108,0.415759,0.436343,0.430957,0.410045,0.421524,0.402049,0.384739,4.280656,1.384667,0.413705,0.476147,0.453639,0.438038,0.353258,0.478061,0.685486,0.605258,0.585085,0.668675,0.582802,0.434133,0.264057,0.107862,0.127209,0.117289,0.095780,0.093891,0.105350,0.111662,0.098369,0.133007,0.143470,0.115330,1,0
-59.176048,5.556959,-0.874353,1.048630,-0.342316,0.166929,-0.599955,-0.287898,-0.272208,-0.270742,0.090954,-0.107946,-0.095508,1.574687,0.753898,0.665200,0.564480,0.555823,0.510280,0.527206,0.561070,0.530696,0.552277,0.542140,0.555026,0.449021,4.686786,1.090006,0.909785,0.573092,0.537258,0.610067,0.610063,0.738953,0.708757,0.771259,0.780570,0.708983,0.547177,0.780282,0.266705,0.261451,0.126241,0.142570,0.131662,0.171763,0.208811,0.201802,0.186622,0.241101,0.208772,0.131650,1,0
-62.717946,8.891184,-0.585514,1.567059,-0.073392,0.034727,-0.819334,-0.453573,0.017701,0.314824,-0.155423,-0.438091,0.055090,1.058089,0.649457,0.482635,0.446956,0.450533,0.431607,0.433833,0.435329,0.412611,0.463609,0.397062,0.388990,0.398711,2.224640,1.654762,0.856252,0.434703,0.471304,0.382312,0.472597,0.506557,0.567422,0.786102,0.539023,0.485445,0.439908,0.589097,0.260142,0.146961,0.097911,0.105437,0.112739,0.088856,0.110252,0.118867,0.125547,0.126462,0.119555,0.105925,1,0
-61.191966,7.261303,-0.810509,1.458179,-0.315999,0.175389,-0.657877,-0.445327,-0.466391,-0.475506,-0.128079,-0.162365,0.030398,1.294228,0.742416,0.527114,0.483828,0.485706,0.478522,0.486542,0.500179,0.511638,0.530893,0.522968,0.466108,0.477489,5.937995,2.207488,0.645936,0.536118,0.452068,0.638895,0.480306,0.549016,0.737037,0.777171,0.837828,0.642031,0.649055,0.980937,0.427991,0.148413,0.110425,0.102848,0.136628,0.130498,0.145794,0.191600,0.189139,0.195454,0.170781,0.155232,1,0
-60.123214,6.345541,-0.725817,1.479687,-0.248500,0.030768,-0.635784,-0.115124,0.090041,0.238544,0.171906,-0.080013,-0.052467,2.228159,1.147808,0.617849,0.541253,0.526327,0.532406,0.507283,0.534995,0.534451,0.504824,0.494334,0.479616,0.445239,5.689785,2.271357,0.708326,0.588521,0.470156,0.616172,0.520096,0.637328,0.843568,0.829121,0.743404,0.669806,0.561355,1.029899,0.529598,0.172617,0.144269,0.135099,0.142352,0.105002,0.188679,0.208172,0.178995,0.195472,0.138114,0.117094,1,0
-59.298330,6.944564,-0.931858,1.678485,-0.308964,0.014054,-0.530956,-0.058375,-0.212655,-0.357962,-0.369669,-0.256380,-0.010124,1.574714,0.731516,0.552031,0.529505,0.489332,0.466551,0.483151,0.480503,0.493378,0.477940,0.467318,0.469596,0.456130,4.204426,1.430476,0.491259,0.449099,0.438002,0.428929,0.421417,0.531847,0.634305,0.619977,0.485957,0.537086,0.428575,0.888734,0.259982,0.144365,0.137258,0.109616,0.101186,0.101523,0.109877,0.139170,0.107661,0.128337,0.128914,0.143334,1,0
-66.124420,5.601356,-1.063611,0.636915,-0.897629,-0.344932,-0.386089,-0.051345,0.136467,-0.077729,-0.045954,-0.111341,-0.137869,0.775101,0.653740,0.519889,0.497193,0.473122,0.464753,0.484840,0.510764,0.489498,0.504298,0.504528,0.487658,0.438834,4.390471,2.327849,0.940429,1.033819,0.658106,0.631439,0.719266,1.038040,1.081493,1.106888,1.066251,0.954777,0.776335,0.358990,0.269314,0.138006,0.103406,0.110187,0.096258,0.131045,0.141683,0.166191,0.159728,0.169164,0.144235,0.108041,1,0
-68.799985,7.726783,0.452838,1.330343,0.000336,0.313247,0.316036,0.497154,0.266027,-0.147012,-0.135747,-0.259491,-0.219214,1.680738,0.646096,0.523977,0.528119,0.485590,0.460277,0.502632,0.459862,0.480950,0.472577,0.453669,0.450478,0.427079,4.362090,0.899215,0.459751,0.427316,0.387607,0.359673,0.522490,0.556725,0.612797,0.736259,0.496004,0.418001,0.393239,0.731633,0.190715,0.124845,0.118426,0.106205,0.092439,0.111390,0.095443,0.110999,0.135613,0.124811,0.101437,0.100691,1,0
-58.933451,7.083200,-1.508824,0.361663,-0.422653,-0.069625,-0.451180,-0.404455,-0.415977,-0.235197,0.078797,0.023759,-0.046147,1.474586,0.798623,0.594246,0.534790,0.490192,0.504407,0.487451,0.474748,0.498250,0.505527,0.503942,0.484794,0.462056,5.790920,1.560426,0.979086,0.775317,0.450059,0.563915,0.550555,0.461623,0.657420,0.547644,0.686323,0.715317,0.449877,0.846782,0.274595,0.159769,0.128494,0.134481,0.121394,0.129444,0.100570,0.139560,0.133815,0.148895,0.137376,0.124466,1,0
-63.986531,7.584273,-0.684368,1.336084,-0.177740,-0.217875,-0.707413,-0.409065,-0.026610,-0.008959,0.156179,0.163948,-0.007214,1.090015,0.685171,0.496585,0.483137,0.463387,0.455061,0.464207,0.471560,0.469880,0.491007,0.454759,0.445072,0.404794,4.165065,2.903635,0.750610,0.638258,0.602714,0.476648,0.645119,0.879349,0.876098,0.862872,0.941291,0.694380,0.557536,0.656501,0.354942,0.135853,0.139086,0.142052,0.108952,0.154353,0.155054,0.165455,0.161777,0.167065,0.152251,0.120247,1,0
-68.552797,6.433678,-0.264131,1.258922,-0.466461,0.210514,0.056408,0.492129,0.150195,-0.283112,-0.202594,-0.218890,-0.056401,1.349227,0.658796,0.532037,0.504803,0.481696,0.457851,0.478447,0.475679,0.495950,0.448656,0.468673,0.454065,0.434255,4.941947,1.990784,0.754467,0.681495,0.616916,0.458062,0.667974,0.834701,0.910474,0.833211,0.556296,0.685759,0.595562,0.793734,0.359904,0.146650,0.119780,0.123146,0.106566,0.131797,0.133395,0.171512,0.157835,0.146998,0.156097,0.182242,1,0
-58.066842,7.396115,-1.003514,1.379193,-0.173086,0.151423,-0.432132,0.046954,0.026053,-0.158480,-0.064927,-0.096993,-0.146612,1.892681,0.951961,0.615831,0.511492,0.474957,0.479482,0.477626,0.463899,0.515230,0.475580,0.496270,0.511702,0.416662,3.996737,1.675572,0.766800,0.470173,0.375530,0.410554,0.483341,0.502155,0.597790,0.623990,0.662354,0.703963,0.423206,1.146700,0.364553,0.172151,0.108770,0.098411,0.112202,0.112899,0.095867,0.114930,0.149453,0.190346,0.170524,0.144368,1,0
-57.358779,6.903106,-1.001771,1.240920,-0.502217,-0.043804,-0.319644,0.127846,-0.178054,-0.378278,-0.153174,-0.327528,-0.292980,1.486155,0.821679,0.577209,0.494221,0.475394,0.484646,0.499870,0.488998,0.494874,0.493628,0.521693,0.474065,0.454936,5.531369,1.417604,0.614015,0.454708,0.398420,0.322919,0.464053,0.453358,0.518044,0.564370,0.449954,0.424685,0.381785,0.679179,0.353148,0.152588,0.106499,0.086061,0.108445,0.131501,0.132143,0.121768,0.122424,0.169104,0.132259,0.111442,1,0
-57.273436,7.371326,-1.135208,1.326683,-0.117104,0.285433,-0.383340,-0.313785,-0.259733,0.094529,0.068347,-0.115587,-0.198443,1.323719,0.640712,0.494578,0.459902,0.458820,0.449039,0.419045,0.463558,0.468316,0.478655,0.443079,0.447601,0.421717,6.164397,0.909583,0.532646,0.491312,0.373098,0.320076,0.367652,0.480425,0.462845,0.483399,0.471520,0.509646,0.499354,0.667050,0.192255,0.125761,0.102365,0.094125,0.086055,0.082192,0.107092,0.104662,0.117870,0.101074,0.109765,0.096785,1,0
-64.382163,7.624121,0.166395,1.785706,0.214612,0.300060,0.104277,0.466863,0.561194,-0.032501,-0.196395,-0.397359,-0.197021,0.974972,0.552924,0.502721,0.444689,0.455878,0.438579,0.444775,0.435187,0.413326,0.415080,0.421574,0.433924,0.399743,4.022894,0.838048,0.828351,0.497977,0.501226,0.401498,0.369682,0.474906,0.534141,0.582295,0.602097,0.557653,0.361026,0.657013,0.196871,0.140227,0.087722,0.101418,0.096091,0.095528,0.104780,0.090044,0.092189,0.093761,0.106262,0.081125,1,0
-53.756592,7.328661,-1.025504,1.178930,-0.296772,0.358850,-0.170194,-0.141379,-0.197628,-0.160220,-0.153592,-0.067741,-0.181441,1.857180,0.734338,0.511467,0.483368,0.475654,0.467469,0.469575,0.469583,0.487385,0.494785,0.468740,0.464170,0.437122,1.826763,0.946457,0.302316,0.388333,0.345465,0.290746,0.381311,0.407256,0.516696,0.574367,0.506589,0.440529,0.397101,0.754530,0.199404,0.123367,0.099989,0.091357,0.093460,0.093428,0.095799,0.118320,0.130644,0.121505,0.114481,0.089963,1,0
-54.230086,7.619737,-1.167243,1.327450,-0.155297,0.384929,-0.110143,-0.242611,-0.405366,-0.182652,-0.136506,-0.184287,-0.220071,1.469609,0.716733,0.512475,0.474994,0.440131,0.445746,0.453388,0.463355,0.475059,0.478374,0.456613,0.443543,0.409289,1.179028,0.932013,0.367358,0.310854,0.310250,0.295909,0.356498,0.444650,0.493229,0.513664,0.502395,0.324421,0.304848,0.451335,0.207468,0.135090,0.103792,0.085097,0.095226,0.102575,0.109000,0.136500,0.145242,0.111974,0.099262,0.100573,1,0
-58.958772,7.452523,-1.711105,0.847285,-0.338985,0.195791,-0.413860,-0.155064,-0.054877,-0.188222,-0.156730,-0.014773,-0.039096,1.805046,0.787818,0.629872,0.551324,0.488759,0.499822,0.515860,0.517554,0.504815,0.506358,0.495157,0.490676,0.464219,5.544340,1.261178,0.973879,0.739095,0.471859,0.538713,0.512739,0.456583,0.599276,0.613380,0.499215,0.491066,0.487398,1.198028,0.297596,0.221768,0.142502,0.115441,0.101265,0.110892,0.140869,0.128489,0.143922,0.143735,0.152810,0.113842,1,0
-61.746277,9.010001,0.028280,1.127653,-0.169478,0.236994,-0.311606,0.089741,0.068005,-0.193357,-0.250862,-0.289065,-0.073698,0.746665,0.504273,0.465566,0.467255,0.453942,0.445713,0.442290,0.443653,0.446478,0.439854,0.432525,0.437884,0.400317,4.099847,0.980465,0.663635,0.504129,0.543227,0.421407,0.431212,0.454204,0.532770,0.584090,0.651382,0.564970,0.488645,0.498188,0.134940,0.139644,0.102403,0.099652,0.107925,0.114882,0.081462,0.108762,0.130082,0.104839,0.116225,0.102381,1,0
-54.190126,7.174474,-1.234040,1.136462,-0.049618,0.365853,-0.412655,-0.177795,-0.099049,-0.109870,-0.031708,-0.162298,-0.141419,1.352817,0.701818,0.528709,0.487520,0.480880,0.460670,0.463382,0.451421,0.475008,0.472675,0.444642,0.444135,0.423334,3.368951,1.584709,0.564816,0.421465,0.360996,0.438792,0.431363,0.402216,0.595828,0.633325,0.483883,0.534214,0.445378,0.826885,0.238336,0.173171,0.108014,0.113539,0.093301,0.106115,0.116022,0.108385,0.117297,0.090598,0.135059,0.104438,1,0
-58.109578,5.577885,-1.078100,1.244554,-0.405353,0.053907,-0.255274,-0.190301,-0.194669,-0.252896,0.121434,0.072903,0.041709,1.278334,0.806963,0.549669,0.514299,0.492135,0.496226,0.491958,0.486837,0.516734,0.521125,0.517513,0.483678,0.489278,6.514572,2.044741,0.531813,0.617411,0.548508,0.630678,0.560394,0.646660,0.654210,0.874486,0.899460,0.731704,0.730062,0.661010,0.308401,0.124097,0.135193,0.110125,0.103781,0.118840,0.118648,0.142004,0.177130,0.175025,0.137078,0.136331,1,0
-59.087285,7.100618,-0.624777,1.804387,-0.390658,0.079437,-0.096623,0.385525,0.303276,-0.087934,-0.026332,0.066794,0.054734,1.348528,0.685470,0.505334,0.472803,0.496290,0.477996,0.478763,0.487902,0.473134,0.439663,0.452019,0.434697,0.460398,4.032701,1.390439,0.438776,0.360567,0.480949,0.342560,0.377835,0.489876,0.415728,0.371104,0.324023,0.404051,0.382798,0.553818,0.211603,0.141822,0.103431,0.126804,0.108462,0.103651,0.130503,0.127624,0.091214,0.110593,0.126220,0.120876,1,0
-64.185855,8.672595,0.317190,1.635594,0.350995,0.255471,0.027773,0.492522,0.428848,0.270681,0.200979,-0.046427,-0.207836,2.327229,1.006989,0.622862,0.494850,0.480323,0.479193,0.481581,0.520860,0.536162,0.539242,0.514212,0.461526,0.463304,4.731972,1.166544,0.612205,0.394012,0.659071,0.313520,0.397449,0.397783,0.446305,0.419877,0.328131,0.310052,0.266539,0.602433,0.228212,0.130730,0.103709,0.120570,0.096196,0.113386,0.163077,0.192695,0.185586,0.188042,0.125801,0.162957,1,0
-69.905503,9.014900,0.874248,1.301636,0.131204,0.299487,0.179207,0.621521,0.389025,0.224312,0.159823,0.046947,0.071028,0.905792,0.514603,0.436166,0.416434,0.405508,0.391303,0.372857,0.362633,0.365124,0.368332,0.369319,0.336427,0.345808,2.804592,0.682162,0.519590,0.355857,0.434622,0.395221,0.316112,0.365604,0.364811,0.416136,0.396030,0.273142,0.330456,0.290608,0.134266,0.109211,0.098814,0.097054,0.086686,0.084761,0.091587,0.078368,0.079783,0.076698,0.074301,0.071432,1,0
-67.140177,7.088861,-0.516206,1.703712,-0.182375,0.384874,-0.104990,0.430977,-0.077644,-0.332359,0.057153,0.077829,0.030769,1.040688,0.562560,0.453045,0.427938,0.440210,0.414453,0.417729,0.429468,0.407941,0.417344,0.405674,0.380329,0.422405,6.825332,1.885560,0.686302,0.435407,0.526411,0.549862,0.754310,0.713553,0.714160,0.793261,0.652310,0.629611,0.763542,0.688758,0.220067,0.161907,0.112522,0.142507,0.139266,0.125146,0.132627,0.128460,0.179080,0.147221,0.166330,0.196035,1,0
-58.109782,6.171074,-0.608695,1.872380,-0.046248,0.599898,0.120100,0.461641,0.238014,-0.197489,-0.334663,-0.411292,-0.183949,1.002667,0.643109,0.493374,0.468893,0.468028,0.495253,0.476529,0.471290,0.512004,0.484339,0.545802,0.461990,0.461681,3.864561,1.578842,0.717100,0.619069,0.431472,0.597707,0.545417,0.530531,0.805959,0.726762,1.037155,0.716484,0.641814,0.445618,0.255699,0.143041,0.108994,0.121953,0.154063,0.136829,0.130864,0.162605,0.142588,0.207094,0.149629,0.138722,1,0
-60.473703,7.821613,-0.533461,1.969647,0.268601,0.349346,-0.071308,0.504138,0.144119,-0.091603,0.069341,0.022977,-0.256837,2.092157,0.926465,0.614524,0.522180,0.518068,0.500869,0.555264,0.482904,0.498533,0.504282,0.495432,0.496199,0.510728,4.748257,2.146125,1.045463,0.413573,0.498866,0.370065,0.394652,0.454713,0.398252,0.422610,0.413677,0.390079,0.341084,0.950671,0.330345,0.139261,0.129808,0.110390,0.137261,0.138095,0.116487,0.126652,0.148489,0.174072,0.135282,0.147712,1,0
-64.993265,6.721533,0.386849,1.464896,0.295408,0.510864,-0.399909,0.121978,0.157661,0.144558,-0.090669,-0.306597,-0.618077,1.180132,0.710654,0.484794,0.456784,0.454112,0.449279,0.446360,0.457920,0.438032,0.440617,0.443017,0.439105,0.420948,3.905949,2.125905,0.973543,0.534924,0.444540,0.672546,0.440008,0.383446,0.308735,0.432222,0.482922,0.594973,0.628354,0.542074,0.395697,0.116818,0.097692,0.092420,0.081366,0.084301,0.117279,0.104455,0.099879,0.150056,0.120863,0.122591,1,0
-56.605666,5.640688,-1.252456,1.849871,-0.218410,0.148083,-0.475953,0.235483,0.289042,-0.135572,-0.177345,-0.324697,-0.611271,1.471890,0.713717,0.553911,0.524210,0.543844,0.481425,0.513968,0.510564,0.509069,0.496647,0.493214,0.500158,0.462820,4.517029,1.774467,0.493071,0.532019,0.444892,0.553640,0.376087,0.531707,0.566540,0.499579,0.494274,0.517246,0.525236,0.640692,0.254612,0.152332,0.134424,0.148725,0.126840,0.129087,0.154645,0.154859,0.122170,0.143884,0.156264,0.118815,1,0
-56.805928,6.933119,-1.233413,1.759830,0.095405,0.382025,-0.289256,0.190720,-0.063758,-0.240315,-0.087384,0.017160,-0.161621,1.354033,0.714713,0.478465,0.453758,0.445459,0.428552,0.425509,0.443569,0.434355,0.433197,0.405368,0.407501,0.399463,4.618925,1.417039,0.467215,0.398520,0.354639,0.351130,0.452968,0.558879,0.499056,0.443735,0.446999,0.405712,0.319184,1.005915,0.342154,0.153113,0.130270,0.120300,0.110337,0.125096,0.132491,0.123204,0.120227,0.113054,0.123433,0.106807,1,0
-65.252502,5.494624,-1.103146,0.531343,-0.044633,0.076890,-0.678277,-0.121224,0.573489,-0.454535,0.044943,0.391994,-0.226423,1.323429,0.730660,0.520244,0.529060,0.484149,0.502964,0.511927,0.506876,0.497994,0.515911,0.503605,0.446473,0.419967,5.185191,1.403833,0.820209,0.949498,0.495805,0.672051,1.041752,0.700584,0.872903,0.841835,1.055584,0.796120,0.465762,0.838171,0.294782,0.170406,0.138016,0.150529,0.119171,0.147428,0.130454,0.157287,0.159811,0.154805,0.120538,0.118565,1,0
-61.162412,6.175987,-0.915117,1.156346,-0.368657,-0.069817,-0.270304,0.325270,0.277578,-0.019718,-0.314875,-0.566932,-0.653334,1.051020,0.641026,0.457614,0.437356,0.430443,0.396523,0.423300,0.417318,0.399356,0.389836,0.407248,0.380605,0.374394,4.345151,1.610873,0.932124,0.605901,0.512012,0.357816,0.590001,0.428763,0.497496,0.492026,0.514345,0.555123,0.483946,0.552197,0.286023,0.142978,0.123774,0.107108,0.082234,0.114557,0.105519,0.092767,0.088911,0.109571,0.095644,0.099739,1,0
-61.857894,6.476919,-1.446351,1.490152,-0.216902,0.053519,-0.201073,0.143364,-0.196343,-0.477611,-0.250710,-0.183220,-0.282628,1.361180,0.640752,0.458859,0.479743,0.421655,0.434669,0.442986,0.395023,0.405399,0.393198,0.393021,0.380709,0.377900,4.688308,1.668372,0.570584,0.670924,0.588690,0.470402,0.592860,0.604952,0.667558,0.727772,0.581457,0.518761,0.472177,0.749092,0.241814,0.149771,0.132735,0.106254,0.116388,0.132302,0.102185,0.105630,0.110458,0.106163,0.109575,0.110565,1,0
-49.475063,7.952263,-2.375574,0.801016,-0.280701,0.123029,-0.482649,-0.217332,0.150834,0.138383,-0.078819,0.038196,0.030481,1.798369,0.757604,0.522603,0.498478,0.504744,0.490730,0.478911,0.488755,0.466176,0.464170,0.471895,0.457744,0.469999,2.485195,1.100312,0.628254,0.356958,0.322751,0.269131,0.299785,0.310015,0.386149,0.393508,0.459483,0.430154,0.380375,0.666370,0.255422,0.129202,0.107262,0.103958,0.118517,0.093266,0.108379,0.111397,0.100541,0.104364,0.129749,0.122245,1,0
-55.512759,9.527283,0.046177,0.577415,0.457598,0.006670,-0.067116,-0.208431,-0.339256,-0.307153,-0.468456,-0.403357,-0.258442,1.419987,0.650323,0.568105,0.461597,0.420765,0.402358,0.394170,0.437366,0.409530,0.416427,0.408137,0.390992,0.379934,3.682481,1.340867,1.191637,0.633940,0.453902,0.414149,0.493098,0.557508,0.580381,0.498097,0.598236,0.627407,0.625232,0.867820,0.336697,0.218372,0.132561,0.116819,0.107062,0.129960,0.155477,0.141988,0.138749,0.141990,0.143787,0.147642,1,0
-62.664964,7.755109,-0.776426,1.235726,-0.021209,0.576095,-0.754571,-0.337491,-0.691847,-0.518498,-0.033954,-0.064517,-0.446519,1.277814,0.830135,0.485127,0.497452,0.492493,0.459971,0.505387,0.485318,0.445683,0.479844,0.479384,0.473445,0.445443,2.522289,1.487651,0.668148,0.671112,0.591621,0.575865,0.940704,0.734042,1.053905,0.746291,0.709219,0.659894,0.605524,0.710244,0.529270,0.146019,0.152782,0.170121,0.162853,0.190656,0.176744,0.125310,0.224521,0.194640,0.178872,0.186686,1,0
-50.962559,8.166726,-1.149952,0.887378,-0.089468,0.119568,-0.094950,0.075512,-0.124782,-0.029081,-0.277531,-0.141309,-0.062067,1.749269,0.732567,0.511542,0.528294,0.495991,0.453931,0.485536,0.533980,0.494053,0.536588,0.490649,0.434197,0.373784,1.733710,0.727823,0.614548,0.719153,0.545700,0.572405,0.484694,0.495655,0.560120,0.599680,0.536758,0.480719,0.376663,0.770598,0.268718,0.183818,0.196237,0.148846,0.156315,0.182336,0.186466,0.174463,0.220071,0.169424,0.139393,0.106024,1,0
-47.372306,4.968344,-0.978564,0.879137,0.143079,0.189488,-0.118259,0.021970,-0.183170,-0.064524,-0.016587,-0.171261,-0.146275,0.800101,0.527647,0.447913,0.458850,0.419948,0.423646,0.421364,0.420705,0.465643,0.407868,0.387250,0.404568,0.389889,1.056257,0.967710,0.339650,0.308983,0.511472,0.306262,0.334204,0.260396,0.304132,0.302145,0.301825,0.244412,0.293698,0.459258,0.190683,0.084250,0.097682,0.083635,0.092786,0.098018,0.099114,0.128760,0.109787,0.107037,0.095528,0.088544,1,0
-65.524685,7.836292,-1.090786,1.419447,0.082524,0.423920,0.064250,-0.257125,-0.246389,0.075050,0.006417,-0.083861,-0.274005,0.602993,0.513850,0.458587,0.474684,0.444466,0.429398,0.401624,0.421502,0.416324,0.395817,0.396948,0.350618,0.373448,3.412134,0.947355,0.613514,0.577468,0.577958,0.456243,0.353775,0.501875,0.372465,0.523544,0.530737,0.515964,0.508518,0.255043,0.202997,0.121260,0.145091,0.113218,0.091756,0.101667,0.109695,0.113096,0.105329,0.169486,0.091138,0.106725,1,0
-48.919388,6.765624,-0.967983,1.094054,0.065219,0.346685,-0.476313,0.056355,0.213667,-0.173844,0.158804,0.121808,0.023091,1.270066,0.750072,0.507851,0.448235,0.462825,0.444061,0.440193,0.409784,0.416403,0.429962,0.423511,0.446316,0.424071,4.608179,2.445974,0.902310,0.550936,0.640976,0.467663,0.436572,0.364069,0.494454,0.472558,0.474308,0.452974,0.427318,0.518869,0.347976,0.139674,0.108656,0.108521,0.105632,0.103413,0.111613,0.105920,0.109137,0.137528,0.153212,0.138241,1,0
-48.537196,4.466032,-0.806410,0.936842,0.091862,0.355868,-0.273626,-0.252681,-0.208664,-0.021084,-0.000742,-0.056111,-0.066971,1.472766,0.658859,0.482812,0.481937,0.441348,0.449185,0.448600,0.471825,0.459844,0.472903,0.436474,0.394940,0.401043,3.849259,1.089344,0.485095,0.494964,0.286765,0.354512,0.334646,0.435874,0.424793,0.608651,0.451015,0.366936,0.460963,0.809778,0.211803,0.112901,0.098646,0.078811,0.086986,0.091845,0.115298,0.118083,0.129254,0.111149,0.077615,0.097824,1,0
-67.304531,6.782041,-0.115857,2.152869,-0.061609,0.486431,-0.201594,0.294231,-0.333694,-0.433345,-0.463904,-0.193050,0.291830,0.570194,0.425257,0.418601,0.429589,0.434730,0.419893,0.425068,0.440735,0.431018,0.408239,0.365925,0.362712,0.382401,4.279838,1.073694,0.406064,0.305708,0.259137,0.259222,0.286253,0.408236,0.444798,0.436201,0.424500,0.274246,0.591665,0.244653,0.128667,0.089466,0.083966,0.074418,0.083634,0.085923,0.076413,0.086758,0.072348,0.061239,0.072466,0.082181,1,0
-56.710901,5.449291,0.090954,1.173859,0.534317,0.749711,0.144732,0.249063,0.128388,0.152287,0.172367,-0.012903,0.060754,1.353380,0.723286,0.434450,0.396691,0.382080,0.374043,0.375003,0.359667,0.354789,0.352895,0.343856,0.348273,0.340721,9.718944,1.300281,1.456308,0.566777,0.654001,0.483693,0.513666,0.359813,0.446797,0.548616,0.532049,0.545082,0.466656,1.233062,0.388312,0.153064,0.099331,0.083946,0.090246,0.092108,0.087390,0.079507,0.082084,0.080939,0.107096,0.097830,1,0
-53.921539,3.857431,-0.490727,0.725952,0.091468,0.528465,0.186873,0.182024,-0.174101,-0.036794,-0.106027,-0.259670,-0.153176,2.216462,0.948388,0.555745,0.492160,0.462441,0.447983,0.511654,0.535957,0.528976,0.533755,0.516589,0.456419,0.385046,4.317381,0.953521,0.625843,0.468509,0.381790,0.230871,0.549231,0.556896,0.503745,0.535039,0.457743,0.548250,0.381730,0.778831,0.245846,0.159324,0.125426,0.111762,0.104800,0.156280,0.198450,0.198815,0.184764,0.183114,0.134609,0.083980,1,0
-48.346281,6.319880,-1.819325,0.965046,-0.123698,0.548763,-0.269703,-0.123135,0.002660,0.073704,0.108340,-0.015269,-0.045235,2.037827,0.859032,0.534782,0.442009,0.454988,0.457380,0.423721,0.428592,0.429492,0.410785,0.395463,0.389750,0.393891,3.167859,1.318929,0.664905,0.269516,0.323257,0.282881,0.263346,0.260109,0.318302,0.278051,0.282188,0.235601,0.248043,0.909223,0.319145,0.172592,0.105797,0.082247,0.084302,0.088519,0.091770,0.118097,0.097919,0.081657,0.076852,0.094936,1,0
-48.297323,5.370288,-1.713825,1.935077,-0.438691,-0.762195,0.191951,-0.304710,-0.853873,0.366197,0.296042,-0.134668,0.235604,1.107935,0.677547,0.578571,0.520755,0.496936,0.525228,0.509895,0.485322,0.485002,0.506907,0.458873,0.433210,0.432417,2.950435,1.006000,0.817915,0.963832,1.265187,0.990974,1.021278,1.213442,1.005392,0.633253,0.727257,1.029172,0.511222,1.278125,0.297641,0.222723,0.199302,0.140555,0.156268,0.138730,0.135573,0.137137,0.184453,0.168469,0.163923,0.128442,1,0
-68.089626,8.653849,-0.436785,0.952161,0.291822,0.661904,0.059836,-0.305788,-0.244782,-0.248434,-0.433562,-0.457066,-0.659597,0.825136,0.608764,0.481795,0.452016,0.409643,0.417868,0.405242,0.416167,0.397540,0.393740,0.396754,0.394178,0.403410,4.407981,2.177950,1.162409,0.787329,0.527487,0.532045,0.564417,0.571634,0.819446,0.744061,0.709928,0.900881,0.982663,0.395183,0.213746,0.140044,0.122148,0.111374,0.117999,0.127945,0.137573,0.123371,0.116309,0.141633,0.132810,0.162606,1,0
-46.276899,5.685742,-1.571856,2.032916,-0.547112,0.242584,0.143097,-0.566161,-0.004783,0.397735,-0.059097,0.046612,0.371529,1.046421,0.586820,0.509076,0.482540,0.473548,0.429643,0.466756,0.421309,0.417082,0.405325,0.385493,0.391494,0.381971,2.711164,0.884534,0.457755,0.694744,0.505465,0.413460,0.521460,0.368861,0.295240,0.442806,0.299740,0.411704,0.338786,0.876991,0.256435,0.201914,0.167535,0.125841,0.112859,0.134190,0.104629,0.089119,0.093217,0.081663,0.088562,0.094812,1,0
-62.455410,5.781380,-0.971446,0.634535,-0.097912,0.450961,0.704958,0.207781,-0.418762,-0.235159,0.139300,0.003968,-0.121998,2.060516,0.841671,0.552487,0.571516,0.514323,0.534130,0.535484,0.549249,0.595000,0.556171,0.544420,0.542819,0.483218,4.762214,2.006565,0.996701,0.764750,0.608232,0.713959,0.916848,0.767083,0.800382,0.828866,0.669465,0.610670,0.406760,1.147430,0.458408,0.188830,0.181191,0.149454,0.163641,0.179421,0.172918,0.198145,0.218606,0.225872,0.185519,0.148058,1,0
-60.190430,8.178740,-1.258830,0.734595,-0.116882,0.880120,-0.363593,-0.319077,0.309136,0.248773,0.100640,0.193663,-0.088902,0.768812,0.526889,0.450318,0.426897,0.445102,0.417865,0.419528,0.424763,0.447773,0.434882,0.450102,0.377809,0.396021,3.230763,1.365923,0.990823,0.648256,0.591722,0.612415,0.601114,0.635896,0.896075,1.152891,0.813751,0.937961,0.690238,0.372894,0.235521,0.154558,0.106302,0.124350,0.110982,0.120293,0.141670,0.153936,0.206204,0.182789,0.123815,0.148779,1,0
-52.733113,5.977407,-1.149865,1.553320,-0.181541,0.270932,-0.290878,-0.059517,-0.072398,-0.000057,-0.068050,-0.118210,-0.076198,2.332432,1.046558,0.561749,0.530425,0.475946,0.450707,0.460413,0.512845,0.503590,0.493187,0.478310,0.466817,0.440114,3.603616,0.866582,0.818626,0.326057,0.286683,0.309935,0.248674,0.409903,0.447934,0.353441,0.367292,0.298910,0.253080,0.808188,0.333472,0.176986,0.140244,0.101334,0.093512,0.106841,0.123923,0.173959,0.164170,0.137257,0.112769,0.092723,1,0
-51.528559,5.436338,-1.082725,1.157870,-0.159602,0.169446,-0.221336,0.047059,-0.090782,-0.041820,-0.135611,-0.148638,-0.065781,2.140593,1.005205,0.575841,0.514674,0.488062,0.480190,0.426658,0.475323,0.468052,0.466926,0.450709,0.438965,0.463262,2.521477,0.847605,0.617645,0.318568,0.278238,0.236567,0.241831,0.303131,0.310505,0.398195,0.293584,0.350296,0.349476,0.759145,0.363876,0.144645,0.125430,0.102539,0.113999,0.086781,0.097796,0.116988,0.115642,0.125583,0.115878,0.153979,1,0
-57.202921,7.064739,-1.169982,1.395240,0.252043,0.570737,-0.115143,0.091546,-0.092815,-0.083983,-0.120735,0.220618,0.210141,2.293523,0.954485,0.705563,0.502537,0.486702,0.471508,0.501256,0.515559,0.494646,0.517075,0.625881,0.541020,0.656292,4.691087,1.252779,0.718483,0.392776,0.686965,0.410280,0.371310,0.434131,0.401176,0.452494,0.689231,0.542248,0.595117,1.036757,0.426954,0.245551,0.113341,0.135359,0.108169,0.155521,0.137020,0.121027,0.150691,0.250417,0.206291,0.270958,1,0
-59.575585,6.760148,-0.853676,1.249236,0.269531,0.253661,0.049390,0.209703,0.257209,0.041861,0.048548,0.101272,0.053769,1.779933,0.858801,0.515164,0.478941,0.543770,0.513937,0.419016,0.437212,0.444874,0.429904,0.426928,0.434437,0.397095,8.020063,1.443149,0.890349,0.580018,0.470781,0.365626,0.359103,0.490575,0.414782,0.366654,0.414762,0.384485,0.392114,1.200802,0.451767,0.129139,0.099836,0.177532,0.146781,0.103156,0.103588,0.110562,0.105933,0.113424,0.129489,0.100986,1,0
-68.665360,10.698935,2.094473,0.872945,0.597795,0.233380,-0.008187,-0.196782,-0.376233,-0.345173,-0.052556,-0.001016,-0.100951,1.094207,0.527930,0.460483,0.436411,0.363058,0.329841,0.377371,0.375846,0.346781,0.387871,0.381690,0.331770,0.321846,2.793330,0.745580,1.112293,0.577323,0.360485,0.307633,0.349446,0.416627,0.384122,0.517195,0.604525,0.547478,0.478342,0.541762,0.161460,0.197456,0.156243,0.108251,0.090004,0.136216,0.129229,0.108969,0.185233,0.157352,0.118508,0.121852,1,0
-70.417746,8.874694,1.895325,0.710846,0.249572,0.072974,-0.228526,-0.384444,-0.312445,0.035206,0.062275,-0.039385,-0.270232,1.503244,0.577805,0.446831,0.405700,0.378589,0.411181,0.424879,0.386303,0.406232,0.375282,0.359656,0.359365,0.376430,4.886287,1.207273,1.843306,0.588330,0.663026,0.605101,0.580182,0.541318,0.702849,0.747529,0.566329,0.528216,0.498270,1.303912,0.333852,0.185666,0.147056,0.137655,0.172543,0.181081,0.155029,0.174941,0.147214,0.151836,0.145853,0.160915,1,0
-65.953005,10.362723,0.990048,0.512682,0.360452,0.275399,-0.130946,-0.052985,-0.252309,-0.169215,0.232683,0.502305,0.135101,1.775827,0.788033,0.597228,0.524057,0.511512,0.468627,0.527383,0.486467,0.490783,0.469685,0.508811,0.496705,0.466285,4.831750,0.693186,1.352978,0.665448,0.693082,0.564270,0.755115,0.832266,0.770879,0.595322,0.625619,0.677321,0.618336,0.788270,0.246931,0.180799,0.150833,0.179314,0.143107,0.202860,0.167451,0.189994,0.178945,0.193652,0.176864,0.149118,1,0
-65.859710,10.282244,0.886326,0.879094,0.374834,0.138652,-0.263370,-0.414284,-0.502079,-0.425180,-0.088153,-0.068581,-0.168658,1.564735,0.691242,0.555244,0.495622,0.479268,0.405960,0.435075,0.438764,0.442718,0.489762,0.547363,0.544657,0.487564,4.217300,1.019100,1.316829,0.676678,0.473333,0.461800,0.571772,0.501691,0.514645,0.808090,0.782197,0.722123,0.640538,0.753369,0.239764,0.211982,0.160566,0.153032,0.139296,0.163762,0.153756,0.170911,0.189912,0.256363,0.254645,0.202492,1,0
-66.869628,8.930924,1.444520,0.891418,0.217591,0.105523,-0.318913,-0.185912,-0.324915,-0.103730,0.075258,0.170473,-0.045897,1.725069,0.786735,0.530616,0.505804,0.488915,0.447381,0.444235,0.400399,0.398494,0.426451,0.374186,0.367152,0.349399,8.080801,2.304337,1.612601,0.675806,0.642037,0.479339,0.528968,0.488174,0.458066,0.569103,0.540306,0.359602,0.336817,1.171131,0.493366,0.228328,0.228403,0.215490,0.152076,0.169216,0.132342,0.180368,0.184729,0.116834,0.114262,0.107361,1,0
-53.906133,6.410685,-1.797099,0.954222,-0.435917,0.482318,-0.446403,-0.205508,-0.107087,-0.251873,-0.267191,-0.395150,-0.259003,1.356173,0.754165,0.563085,0.493374,0.488376,0.464279,0.471042,0.496269,0.476773,0.495695,0.483449,0.448697,0.447769,3.147372,0.836692,0.529088,0.374055,0.414375,0.467750,0.417872,0.666044,0.447050,0.561630,0.575241,0.493682,0.476474,0.575304,0.189924,0.131691,0.091856,0.118266,0.101671,0.100176,0.117210,0.124225,0.140316,0.121971,0.124423,0.147501,1,0
-58.285651,6.780585,-1.687845,1.109595,-0.480330,0.433588,-0.425106,-0.002992,-0.220769,-0.276603,-0.297385,-0.561845,-0.441154,0.735851,0.572100,0.527001,0.499241,0.492400,0.466493,0.473582,0.457540,0.443200,0.441533,0.424194,0.414596,0.438177,2.535552,0.850867,0.822730,0.482262,0.452893,0.475016,0.453752,0.446294,0.498540,0.461323,0.419724,0.720475,0.777434,0.347474,0.172499,0.132233,0.146207,0.124983,0.122493,0.124133,0.106559,0.116440,0.120849,0.101443,0.104868,0.122660,1,0
-59.733209,6.792187,-0.925346,1.411507,-0.454461,0.322987,-0.215712,0.007576,-0.047350,-0.211624,-0.103489,-0.062738,-0.111480,2.347040,0.884855,0.591334,0.536444,0.498474,0.498109,0.466446,0.485267,0.520372,0.486459,0.472153,0.444166,0.465275,5.481188,0.894508,0.772748,0.474229,0.415596,0.417625,0.291764,0.409145,0.694759,0.509821,0.464346,0.452293,0.464835,1.410847,0.330029,0.174543,0.124224,0.110708,0.111805,0.106624,0.129839,0.153806,0.124834,0.140258,0.124792,0.123069,1,0
-56.663883,6.555084,-0.951096,1.637126,-0.480830,0.217347,-0.189029,0.285953,-0.186376,-0.432155,-0.205041,-0.035078,0.048248,1.399088,0.668311,0.526115,0.496497,0.488588,0.449775,0.482368,0.474489,0.479706,0.492068,0.460447,0.453914,0.452539,4.627503,1.047746,0.461208,0.483753,0.321738,0.413910,0.511723,0.707375,0.748448,0.711147,0.772826,0.637548,0.626505,0.661702,0.205388,0.132288,0.098816,0.109898,0.101387,0.115135,0.121883,0.115924,0.142203,0.122548,0.123576,0.136921,1,0
-62.234084,6.362491,-0.591019,1.872439,-0.340523,0.014954,-0.125434,0.176358,-0.191266,0.075122,0.535192,0.167903,-0.196490,2.326248,0.876440,0.535820,0.481665,0.465046,0.488135,0.471852,0.462913,0.452550,0.452132,0.497189,0.435764,0.402360,4.323358,1.668171,0.476258,0.313799,0.423765,0.378934,0.548347,0.670611,0.534038,0.628829,1.024027,0.504839,0.487908,1.252154,0.405714,0.152473,0.101397,0.112874,0.111261,0.121319,0.153548,0.147355,0.126412,0.192177,0.106832,0.101007,1,0
-58.188259,7.588242,-1.434780,1.199776,-0.530634,0.176322,-0.837940,-0.652197,-0.579700,-0.437763,-0.070985,0.137429,0.068698,2.475339,0.961915,0.595236,0.510001,0.500424,0.520245,0.499488,0.526137,0.519468,0.527667,0.519236,0.465615,0.461371,3.605736,1.570560,0.777450,0.713330,0.562183,0.556739,0.567024,0.683669,0.758457,0.559215,0.673366,0.605241,0.516977,1.019838,0.400837,0.197610,0.123654,0.133603,0.123975,0.134809,0.146387,0.168690,0.175669,0.165013,0.140743,0.130873,1,0
-58.137915,6.834878,-0.962758,1.510605,-0.446202,0.316971,-0.249713,0.096533,-0.275198,-0.386334,-0.224594,-0.093532,-0.173128,1.997227,0.770695,0.567751,0.514912,0.474685,0.483409,0.481187,0.482465,0.500440,0.485347,0.482969,0.475965,0.469807,4.418992,1.059432,0.549528,0.440275,0.407988,0.387013,0.307792,0.451124,0.508228,0.534577,0.460277,0.373316,0.400401,1.010604,0.292108,0.160629,0.113753,0.100820,0.096069,0.093753,0.104711,0.123302,0.118926,0.132895,0.116733,0.117956,1,0
-64.097686,6.919291,-0.909152,1.963549,-0.622310,0.169256,-0.332280,0.081113,-0.391269,-0.526952,-0.178983,-0.047185,0.077469,1.282119,0.685404,0.518295,0.489349,0.479806,0.456109,0.486076,0.482262,0.477966,0.514138,0.470161,0.443163,0.469267,3.639576,1.520734,0.636163,0.329475,0.380508,0.437439,0.471234,0.684392,0.694660,0.936987,0.973786,0.804556,0.866092,0.621132,0.303928,0.175199,0.117827,0.133551,0.111795,0.135575,0.145900,0.154842,0.188755,0.169475,0.199656,0.162694,1,0
-55.135531,6.911819,-1.083632,1.658436,-0.350664,0.425508,-0.334328,0.010123,-0.262875,-0.277131,-0.064842,0.098046,-0.138011,1.498466,0.761019,0.540756,0.491095,0.453326,0.447530,0.463653,0.466795,0.444308,0.437663,0.466201,0.448842,0.412124,3.995311,1.025603,0.521494,0.422669,0.294592,0.313060,0.282615,0.371156,0.429820,0.491254,0.519455,0.579158,0.472570,0.585168,0.255672,0.125668,0.097667,0.092664,0.100228,0.092802,0.101348,0.086759,0.107306,0.144229,0.132229,0.102814,1,0
-68.999022,9.743763,0.040740,1.510995,-0.034069,-0.129847,-0.396744,-0.174977,-0.368241,0.284704,0.222206,0.114720,0.051411,1.824879,0.717713,0.488109,0.436142,0.385888,0.393660,0.347426,0.368526,0.398615,0.360416,0.394816,0.341678,0.320624,5.938409,1.304169,1.060449,0.711129,0.579006,0.586210,0.315904,0.729530,1.001228,0.579626,0.674080,0.483913,0.414309,1.407702,0.488088,0.196066,0.171886,0.149600,0.162465,0.091956,0.151371,0.216906,0.167098,0.189843,0.130449,0.131091,1,0
-73.213548,10.111190,1.067187,1.523446,0.140956,0.346441,-0.164458,-0.080877,-0.373568,-0.083404,-0.060959,0.097548,0.024459,1.326782,0.570386,0.489069,0.407300,0.385075,0.403905,0.364939,0.404809,0.403903,0.383856,0.394861,0.365046,0.382106,2.714896,1.187094,0.749441,0.506938,0.391851,0.499471,0.430223,0.612327,0.683106,0.670636,0.780979,0.446506,0.484342,0.901094,0.239213,0.221331,0.141158,0.130320,0.159497,0.118599,0.171452,0.175774,0.134192,0.188421,0.141894,0.196256,1,0
-66.920523,10.024606,-0.445099,1.199765,-0.098726,-0.026208,-0.028110,0.324173,0.026066,0.047304,-0.104792,0.083107,-0.013970,1.427118,0.723921,0.598445,0.590146,0.511988,0.526887,0.455351,0.615272,0.596082,0.564091,0.581945,0.507355,0.442105,4.514259,0.915991,1.024775,0.871500,0.774943,0.886957,0.598518,0.900121,0.793325,0.698746,0.737972,0.513111,0.492776,0.572986,0.242533,0.196524,0.198142,0.164233,0.198942,0.172070,0.264498,0.278967,0.215100,0.273197,0.197263,0.175393,1,0
-74.287211,7.284331,0.499475,1.717714,0.084786,0.352026,-0.427662,-0.119433,-0.202432,-0.198317,-0.149779,0.054532,-0.071044,0.528735,0.418826,0.379575,0.368089,0.341972,0.344241,0.336869,0.323864,0.341865,0.325961,0.315512,0.306805,0.302951,5.871046,2.402761,1.190819,0.559477,0.371199,0.472315,0.510299,0.404933,0.324842,0.347013,0.291126,0.232787,0.176401,0.196748,0.153687,0.080141,0.082728,0.068490,0.076378,0.077068,0.071157,0.077542,0.070007,0.069368,0.066050,0.057340,1,0
-62.635203,7.595619,-1.179323,1.600766,-0.054657,0.295334,0.074538,0.136116,0.014985,0.053964,0.026087,-0.095852,-0.153826,0.958942,0.618930,0.531842,0.499986,0.462270,0.467234,0.465755,0.470321,0.429822,0.454736,0.430575,0.411803,0.418866,3.192074,1.038289,0.721089,0.433971,0.349668,0.639987,0.488531,0.409751,0.322906,0.346994,0.368615,0.324023,0.377803,0.451596,0.259843,0.131409,0.090212,0.105473,0.090850,0.100787,0.094603,0.104817,0.088536,0.086435,0.097111,0.097245,1,0
-55.376004,6.856438,-1.550906,1.159816,-0.631440,0.241295,-0.668829,-0.320790,-0.144682,-0.127674,-0.488485,-0.286885,-0.314235,1.054859,0.652075,0.487449,0.466538,0.458858,0.429978,0.462824,0.463068,0.438896,0.431172,0.437825,0.426838,0.407820,2.988708,1.593101,0.637402,0.554697,0.562017,0.459896,0.446908,0.636440,0.598608,0.419926,0.517355,0.461346,0.432404,0.625595,0.361369,0.138321,0.153930,0.121303,0.108386,0.124236,0.130467,0.127443,0.120881,0.132417,0.126571,0.098694,1,0
-59.779851,10.190143,-1.107233,1.201803,-0.047602,0.196537,-0.345862,-0.124899,-0.393232,-0.400513,-0.449050,-0.148701,-0.315771,0.753817,0.539190,0.462288,0.486383,0.432752,0.427744,0.415328,0.428142,0.409869,0.391292,0.395812,0.411894,0.426838,4.191834,1.215256,0.628797,0.469120,0.428208,0.378528,0.293723,0.297245,0.344699,0.336476,0.498755,0.652728,0.586466,0.422275,0.189295,0.101958,0.117550,0.100323,0.100174,0.094055,0.106868,0.088053,0.095715,0.097299,0.171083,0.170321,1,0
-62.143887,9.019368,-1.433809,1.468009,-0.093191,0.125476,-0.214862,-0.123356,-0.145167,-0.094843,-0.321300,-0.247698,-0.401204,1.413064,0.635674,0.493598,0.449127,0.446181,0.424669,0.410676,0.422213,0.405793,0.412243,0.416169,0.406689,0.416207,4.382414,0.887745,0.654607,0.550404,0.453425,0.359273,0.310919,0.314706,0.374701,0.339263,0.394266,0.398562,0.477771,0.806659,0.186116,0.139300,0.101989,0.102565,0.102517,0.090244,0.090437,0.107131,0.114657,0.109323,0.103792,0.106840,1,0
-55.724806,6.801393,-1.554470,0.951950,-0.395868,0.368500,-0.306994,-0.207374,-0.261821,0.024014,-0.064350,0.187847,-0.084596,1.871766,0.871631,0.540095,0.482729,0.463916,0.453154,0.457475,0.472206,0.473882,0.445937,0.448281,0.421916,0.391714,3.231737,1.587556,0.501454,0.387875,0.296172,0.304607,0.341411,0.547718,0.441550,0.445572,0.384927,0.288720,0.267084,0.948761,0.321875,0.166850,0.116654,0.101114,0.106083,0.124569,0.164492,0.137374,0.135277,0.134116,0.085050,0.082526,1,0
-57.944391,7.266517,-0.944999,1.133892,-0.275370,0.208229,-0.485760,-0.250879,-0.124730,0.056297,-0.265198,-0.024157,-0.233015,2.430733,1.050955,0.567155,0.489107,0.466539,0.458554,0.445450,0.448005,0.452583,0.449223,0.470855,0.463149,0.462038,3.154721,1.688404,0.472624,0.310636,0.284174,0.258782,0.209598,0.244602,0.352639,0.434592,0.439170,0.392926,0.407638,0.955542,0.311392,0.132219,0.124012,0.090662,0.101166,0.112533,0.106148,0.113222,0.127568,0.163663,0.142123,0.156311,1,0
-63.280634,9.722110,-0.756704,1.537130,0.088243,0.096150,-0.237445,-0.315792,-0.148052,-0.048501,-0.458455,-0.042461,-0.346840,0.784364,0.543838,0.456956,0.454803,0.419192,0.409746,0.394622,0.396905,0.406398,0.394112,0.373300,0.347165,0.369411,4.714201,1.024476,1.024789,0.491193,0.433269,0.434188,0.362523,0.516736,0.477400,0.503981,0.426644,0.373833,0.390707,0.612023,0.250094,0.129233,0.126027,0.115015,0.102164,0.109281,0.102616,0.120030,0.128966,0.099614,0.082531,0.096692,1,0
-58.802748,7.169344,-1.438723,1.263586,-0.196102,0.438317,-0.327472,-0.236719,-0.285737,-0.303992,-0.585213,-0.434050,-0.461006,1.650788,0.762159,0.540473,0.488346,0.458935,0.438750,0.461333,0.471641,0.471662,0.468528,0.487008,0.486501,0.466517,3.868249,0.819426,0.430404,0.315870,0.250565,0.216422,0.258439,0.294031,0.392155,0.334848,0.364992,0.455715,0.417300,0.571076,0.213443,0.130726,0.094821,0.088154,0.086284,0.095345,0.104906,0.116190,0.121676,0.129547,0.119419,0.114270,1,0
-58.065629,0.072433,-2.925864,-0.206093,-1.738152,-0.756189,0.801316,1.823022,1.133093,-0.166729,-0.751256,-0.122363,-0.075543,1.612159,0.816635,0.616035,0.571738,0.530571,0.630217,0.581155,0.690246,0.689894,0.732250,0.640234,0.601314,0.498754,2.540377,1.795280,1.005449,0.685627,0.757866,0.709140,1.136514,1.350592,0.854844,1.498116,0.918694,0.862029,0.420259,0.618197,0.282303,0.149940,0.135697,0.124308,0.172434,0.155665,0.216801,0.241651,0.221210,0.199960,0.214466,0.123636,1,0
-58.341324,3.021341,-1.219357,0.552111,-0.960819,-0.373504,-1.027863,-0.591477,-0.010679,0.019587,0.035116,-0.149457,-0.153594,1.075660,0.727580,0.617915,0.571160,0.538117,0.530231,0.536782,0.515565,0.525146,0.520536,0.515474,0.463918,0.482508,2.138255,1.372981,0.622939,1.011739,0.690987,0.731801,0.724754,0.692437,0.998373,0.800479,0.917883,0.876428,0.768727,0.600095,0.298920,0.209409,0.163764,0.149521,0.138382,0.143080,0.116931,0.136458,0.124430,0.145334,0.136548,0.135483,1,0
-54.907031,3.114012,-1.035265,1.123122,-0.315041,0.449758,0.636143,0.609140,0.202968,0.237844,0.143844,0.025215,0.119175,1.218263,0.675954,0.560320,0.557013,0.538362,0.561309,0.583402,0.616819,0.694592,0.676159,0.679487,0.614754,0.494918,2.895416,0.979908,0.543608,0.542444,0.487461,0.726198,0.832605,0.978988,0.983865,1.052762,0.723219,0.598155,0.446167,0.641908,0.218123,0.167442,0.141106,0.138075,0.175692,0.189135,0.223695,0.227610,0.251632,0.251041,0.222073,0.149134,1,0
-57.320810,3.951365,-1.079572,2.568544,0.922648,0.192878,-1.191400,0.741219,0.383284,-0.637202,0.283525,0.062641,-0.015951,1.286175,0.763176,0.591865,0.510461,0.511119,0.490837,0.536455,0.546554,0.605997,0.558632,0.532353,0.447282,0.435413,3.947337,1.896977,0.865467,0.583643,0.766482,0.712728,1.029083,1.357193,1.272984,1.319479,1.088342,0.864127,0.709015,0.708958,0.326581,0.201039,0.142627,0.135375,0.150925,0.247778,0.213328,0.317273,0.229467,0.214290,0.184762,0.142231,1,0
-53.324089,5.294161,-1.929142,0.887006,0.648428,0.531218,-0.328265,-0.321283,0.114951,0.406245,0.140875,0.137822,-0.163092,1.982186,0.742784,0.880396,0.602046,0.585817,0.552309,0.602414,0.624033,0.610131,0.693128,0.697807,0.577717,0.504451,1.548566,0.611377,0.978519,0.467768,0.488033,0.562869,0.771372,0.768453,0.574422,0.891977,0.882343,0.622367,0.531320,0.634420,0.250097,0.301058,0.152147,0.168253,0.123733,0.221693,0.255562,0.227310,0.258241,0.230439,0.148664,0.140950,1,0
-63.615568,5.066436,-0.837385,1.223130,-0.236846,0.069840,-0.042090,0.191963,0.134301,-0.422675,-0.369873,-0.201436,0.054287,1.579055,0.573320,0.487668,0.458613,0.453812,0.437325,0.454249,0.436189,0.456683,0.440003,0.423376,0.408190,0.389010,6.237730,1.118599,0.757987,0.504512,0.481854,0.390895,0.521524,0.537435,0.681957,0.648796,0.474993,0.470637,0.438649,1.522027,0.222063,0.142723,0.119414,0.113466,0.093937,0.106136,0.080206,0.120000,0.135458,0.107541,0.093974,0.107128,1,0
-64.913997,3.392177,-0.762024,1.602909,-0.693144,-0.503951,-0.414180,-0.060443,0.100981,-0.152234,-0.238259,-0.374587,0.198613,1.527516,0.922003,0.597720,0.501719,0.506325,0.484316,0.513145,0.532519,0.519483,0.514915,0.551728,0.486484,0.451136,5.189106,1.971489,0.748118,0.638936,0.572831,0.726473,0.708847,0.909775,1.182261,1.226059,1.020700,0.977773,1.123365,0.917314,0.469233,0.165851,0.129826,0.134322,0.119303,0.146193,0.188271,0.165837,0.191228,0.225968,0.178094,0.176693,1,0
-53.166817,3.957533,-1.422556,1.440737,-0.395686,-0.036120,-0.161760,0.129055,0.125591,-0.095536,-0.204713,-0.239473,-0.030271,1.122948,0.776497,0.560402,0.523546,0.515350,0.525542,0.523889,0.548848,0.567791,0.555183,0.519761,0.541241,0.482560,3.092299,1.441573,0.459641,0.453243,0.387206,0.442709,0.531882,0.424762,0.637847,0.396574,0.430398,0.335172,0.331972,0.547951,0.271657,0.172930,0.141554,0.137480,0.150803,0.155462,0.155136,0.173926,0.195322,0.178325,0.189813,0.136750,1,0
-57.251695,5.799777,-0.559430,1.315778,0.191174,-0.018791,-0.177863,-0.455345,-0.128500,0.040304,0.161515,0.142962,0.220780,1.422732,0.685561,0.572078,0.552296,0.533604,0.525776,0.537395,0.569178,0.621493,0.661890,0.621527,0.572156,0.605994,1.753648,0.904202,0.554210,0.302967,0.430329,0.402452,0.526620,0.710855,0.731792,0.784068,0.679918,0.606074,0.599960,0.467884,0.168402,0.133114,0.138286,0.140973,0.137927,0.132500,0.148175,0.203917,0.220409,0.198154,0.159616,0.198209,1,0
-57.427055,3.845024,-0.819245,1.110139,-0.253782,-0.048208,-0.096222,0.417699,0.466648,0.250985,-0.624179,-0.636058,-0.087871,2.476332,0.719190,0.584430,0.522492,0.524387,0.522973,0.512743,0.502924,0.500204,0.546174,0.491562,0.494942,0.452963,3.735988,0.762939,0.483184,0.403024,0.404786,0.430740,0.601558,0.589697,0.681689,0.776926,0.619742,0.594869,0.330173,1.217040,0.196649,0.150390,0.139358,0.123341,0.123527,0.144426,0.126985,0.124657,0.173029,0.159518,0.192006,0.116228,1,0
-62.538679,4.899994,-0.160830,0.663654,-0.266427,0.207688,-0.305568,-0.310556,-0.101679,0.784369,0.044341,-0.138243,0.048300,0.855025,0.579239,0.489511,0.494919,0.452320,0.447392,0.417239,0.457466,0.444790,0.425153,0.426974,0.387770,0.413341,0.973728,0.605384,0.377796,0.399141,0.415405,0.412268,0.300413,0.473779,0.585687,0.454414,0.677402,0.457486,0.434843,0.386906,0.203822,0.105447,0.127959,0.095254,0.100262,0.089163,0.113522,0.120184,0.119022,0.111434,0.089178,0.113527,1,0