-49.526696,4.397861,0.188177,1.213629,0.323536,0.384204,0.052573,0.220425,0.072132,0.174641,0.058850,-0.110671,0.069538,1.748433,0.895637,0.567960,0.616731,0.554223,0.490731,0.479141,0.452461,0.441150,0.422913,0.431088,0.403555,0.366898,3.856230,1.045049,0.672738,0.583726,0.610130,0.465114,0.488003,0.538599,0.322330,0.374828,0.310946,0.287917,0.414123,1.003840,0.469224,0.177614,0.243461,0.206550,0.158674,0.128433,0.122649,0.132699,0.102177,0.125005,0.099994,0.073154,0,1
-48.942566,5.506380,-0.200945,1.364663,0.738331,0.661170,0.199910,-0.012480,-0.151845,0.126397,0.043988,0.118515,-0.051033,1.571046,0.842545,0.520465,0.506225,0.506632,0.472340,0.469202,0.498450,0.409714,0.400781,0.409443,0.369785,0.384935,2.840332,1.104644,0.663614,0.649367,0.544973,0.463195,0.333728,0.478432,0.248056,0.296223,0.291658,0.204223,0.287291,0.976805,0.401981,0.152013,0.144420,0.147881,0.123589,0.124953,0.153918,0.092351,0.098262,0.108950,0.098415,0.080510,0,1
-50.339565,4.546169,-0.274382,1.321958,0.083582,0.222591,0.037757,0.078821,-0.170974,0.053772,0.185869,0.139647,0.069125,4.418824,1.058319,0.717493,0.682334,0.613700,0.456414,0.467773,0.439558,0.443279,0.415211,0.407186,0.369501,0.361572,3.433707,1.133614,0.786584,0.566354,0.763833,0.455890,0.327979,0.293476,0.303511,0.266329,0.270596,0.311282,0.260627,1.617682,0.486744,0.286637,0.230976,0.253903,0.105051,0.159475,0.107758,0.105122,0.106632,0.093677,0.090962,0.092633,0,1
-52.647427,5.838561,0.342983,0.822647,0.633514,0.866852,0.445983,-0.021778,0.107283,0.189089,0.157870,0.012693,0.156248,3.094925,1.362291,0.636181,0.595388,0.667598,0.550912,0.506528,0.506729,0.445252,0.428022,0.443604,0.428247,0.389862,3.385893,1.045426,0.522002,0.431715,0.547683,0.486451,0.407291,0.419914,0.336099,0.306661,0.353545,0.208337,0.313486,1.202556,0.408590,0.176587,0.161491,0.227324,0.160935,0.170062,0.140996,0.098761,0.108085,0.116811,0.115428,0.095664,0,1
-50.724024,5.391800,1.222160,1.579107,1.118203,0.802484,0.351263,0.346451,-0.191243,0.353692,0.237134,0.141307,0.076962,2.000882,1.098729,0.654892,0.578790,0.517069,0.432418,0.432312,0.481198,0.424709,0.424705,0.371408,0.364803,0.356603,2.436426,1.059594,0.806521,0.545923,0.536265,0.323932,0.389014,0.467098,0.400202,0.334163,0.268207,0.198423,0.208361,1.102720,0.629719,0.274847,0.225761,0.150652,0.101818,0.115600,0.137643,0.109336,0.119201,0.077709,0.066256,0.069599,0,1
-45.805670,6.286103,-1.790986,1.184491,0.346409,-0.237845,0.091399,-0.042777,-0.353781,0.010404,-0.044922,0.334557,-0.015857,1.050657,0.844317,0.625444,0.457658,0.386000,0.404405,0.409427,0.387575,0.383814,0.364709,0.373181,0.373634,0.357657,1.856793,1.077161,0.640645,0.341827,0.418946,0.417661,0.327390,0.497314,0.238494,0.230919,0.236953,0.204184,0.190733,0.819342,0.391642,0.235676,0.118430,0.087225,0.083129,0.105982,0.088952,0.082118,0.078043,0.075075,0.087857,0.085901,0,1
-47.349168,5.609917,-0.716475,1.759174,-0.476381,0.278861,0.386954,0.480686,-0.077989,0.264540,-0.141445,-0.246435,0.308603,2.143639,1.083058,0.743630,0.684464,0.594609,0.552410,0.518151,0.445136,0.448806,0.430857,0.431406,0.416463,0.397328,2.321968,1.089887,0.800303,0.807817,0.692810,0.512788,0.553933,0.354996,0.329506,0.410074,0.304500,0.427946,0.306821,1.195189,0.512675,0.313756,0.260974,0.273365,0.202399,0.146398,0.113958,0.124633,0.129060,0.120315,0.134557,0.105381,0,1
-50.771397,6.783359,0.160865,1.585996,0.614437,0.476147,0.381270,0.116138,0.118002,0.109138,0.024020,0.119024,0.115101,1.833809,0.823824,0.570935,0.578768,0.555236,0.425857,0.448375,0.486083,0.393911,0.394061,0.386277,0.419025,0.380642,2.359460,0.819706,0.731632,0.635381,0.575998,0.309486,0.301664,0.500938,0.325184,0.387411,0.263759,0.313995,0.253646,0.834829,0.348941,0.210441,0.206917,0.215585,0.125676,0.127168,0.161696,0.088583,0.110213,0.096253,0.128993,0.081667,0,1
-43.616327,5.496132,-1.096136,0.064948,0.404460,0.278499,-0.221529,-0.211694,-0.139220,0.004741,-0.101066,0.043644,0.270230,0.794126,0.583761,0.464949,0.511630,0.430856,0.410920,0.415313,0.414046,0.404144,0.415039,0.377203,0.356155,0.382533,0.959622,0.563869,0.366686,0.357376,0.342886,0.191674,0.373895,0.315273,0.202127,0.288179,0.261832,0.173298,0.275124,0.312089,0.180371,0.100818,0.109828,0.094056,0.085604,0.077991,0.088545,0.065042,0.091950,0.074598,0.059637,0.075986,0,1
-53.160724,7.623580,0.052157,0.574794,0.546024,0.780675,0.385048,0.273032,-0.130604,0.076845,-0.117307,0.272058,0.479724,2.524804,1.513042,0.766453,0.522801,0.466218,0.417223,0.419307,0.402787,0.402511,0.396424,0.385790,0.387441,0.413295,2.713038,0.852830,0.738221,0.534979,0.345931,0.357926,0.348357,0.240909,0.295817,0.314508,0.403873,0.340444,0.319344,1.334699,0.409187,0.209423,0.122740,0.115384,0.098151,0.103831,0.093098,0.077643,0.081751,0.090410,0.093015,0.103282,0,1
-49.534257,4.943385,0.755572,1.350909,0.183770,0.098563,0.367111,0.830751,0.273804,0.166947,0.326335,0.209699,0.136459,2.148034,1.033560,0.792763,0.594446,0.560293,0.520413,0.488033,0.463085,0.445224,0.417052,0.395037,0.362778,0.374784,2.055358,0.750571,0.567653,0.435811,0.467619,0.329529,0.346449,0.307939,0.272450,0.234405,0.230746,0.180022,0.241458,0.954429,0.377718,0.287836,0.229411,0.185885,0.133910,0.148472,0.122176,0.135896,0.096297,0.112999,0.086078,0.096503,0,1
-52.924885,5.251305,1.010429,1.858104,0.444261,0.577247,0.710428,0.688342,0.470257,0.327538,0.231764,0.147087,-0.065805,2.132318,1.102418,0.900741,0.671799,0.580085,0.502913,0.524679,0.462552,0.479353,0.429753,0.434242,0.406950,0.436927,2.160942,0.873616,0.890172,0.688122,0.380535,0.346869,0.372517,0.273225,0.300218,0.257010,0.311926,0.306340,0.433574,0.902205,0.442458,0.408930,0.265946,0.177003,0.147117,0.171040,0.109997,0.140734,0.092320,0.126267,0.112385,0.122641,0,1
-55.384881,4.556880,0.536738,1.695979,0.701690,0.533041,0.619971,0.707425,0.306669,0.242236,0.115739,0.399672,0.248223,3.737386,1.571507,0.823168,0.732504,0.665167,0.568081,0.580815,0.525512,0.485330,0.456033,0.449438,0.424983,0.390016,2.110765,1.013302,0.591944,0.405362,0.348523,0.354199,0.381553,0.314520,0.239079,0.254402,0.230023,0.241270,0.189964,1.095307,0.486788,0.273175,0.274061,0.211408,0.156782,0.160274,0.136071,0.122532,0.100455,0.109092,0.102508,0.093248,0,1
-55.840138,4.345663,3.013626,1.868641,0.564830,0.502224,0.212404,0.756361,0.354867,0.189283,0.146338,0.217971,0.034368,2.386808,1.259650,1.064741,0.767136,0.602817,0.547672,0.534782,0.473875,0.450583,0.402492,0.424754,0.372843,0.402647,2.670019,1.085774,0.754872,0.596845,0.369060,0.369305,0.412978,0.362602,0.314155,0.250874,0.270221,0.239328,0.329040,1.004150,0.427532,0.327155,0.253639,0.177502,0.137726,0.157637,0.130091,0.106769,0.101915,0.123339,0.085291,0.111682,0,1
-58.415195,4.369624,0.864690,1.753441,0.173856,0.467735,0.349856,0.654201,-0.089853,0.156777,0.077111,0.044637,0.076575,3.913750,1.570730,1.122294,0.944743,0.740330,0.648763,0.633685,0.548399,0.557606,0.490351,0.502540,0.484354,0.435616,5.818007,1.307728,0.828651,0.721072,0.538641,0.440258,0.463881,0.407448,0.375766,0.323881,0.372367,0.316393,0.348669,1.781038,0.581480,0.367914,0.277156,0.263414,0.190194,0.211609,0.159754,0.144042,0.111351,0.118658,0.134978,0.121103,0,1
-53.293426,4.331440,0.649772,1.692491,-0.016418,0.209775,0.018769,0.326242,-0.303008,0.136402,-0.050469,0.237699,0.285201,3.034645,1.807427,1.320213,0.877885,0.777134,0.595170,0.594552,0.598321,0.526508,0.519705,0.525088,0.457454,0.450052,1.707885,1.342028,0.826116,0.551895,0.532549,0.442329,0.355505,0.382717,0.326923,0.381057,0.335416,0.242003,0.262621,0.727603,0.662570,0.421268,0.296576,0.218373,0.147515,0.164513,0.151961,0.126214,0.117541,0.139583,0.102139,0.118535,0,1
-44.231393,3.015306,-0.337396,1.017876,-0.165843,0.246890,0.240725,0.066350,0.361625,0.299049,0.183491,-0.174222,0.067407,0.835212,0.561843,0.594771,0.537495,0.482486,0.445002,0.435127,0.401868,0.423847,0.406056,0.382442,0.378781,0.396557,0.842189,0.526365,0.483065,0.503406,0.338853,0.338894,0.268845,0.267785,0.291581,0.209743,0.212205,0.264234,0.281240,0.257529,0.157225,0.187113,0.151637,0.117195,0.098974,0.086595,0.078785,0.081423,0.083256,0.072153,0.077911,0.082108,0,1
-45.044412,3.235866,-0.577636,1.514109,-0.134273,0.456212,0.058725,0.199484,0.145224,0.183943,0.237369,-0.069327,-0.017379,1.111557,0.664867,0.688589,0.618482,0.520719,0.466481,0.449923,0.434833,0.411896,0.412320,0.394816,0.388256,0.409111,1.154359,0.491219,0.439590,0.509608,0.461931,0.337641,0.228961,0.248554,0.219470,0.287009,0.269298,0.196984,0.243652,0.431418,0.177161,0.185690,0.213554,0.131262,0.122049,0.101798,0.098401,0.085625,0.093796,0.088049,0.081771,0.103807,0,1
-47.456177,3.479976,-0.342979,1.211252,0.226693,0.325682,0.085694,0.130946,0.255200,0.205304,0.246310,-0.027050,0.036886,1.733087,0.875905,0.776982,0.721350,0.592594,0.485552,0.452106,0.435332,0.427774,0.432114,0.416039,0.394863,0.387827,1.423223,0.716627,0.708766,0.590137,0.471698,0.412253,0.284070,0.297254,0.253974,0.278935,0.221487,0.269448,0.251932,0.547082,0.302530,0.230268,0.224210,0.199008,0.138956,0.087148,0.090107,0.104145,0.110096,0.091718,0.085832,0.078708,0,1
-47.858537,3.248361,-0.314562,1.397274,0.296518,0.650559,0.353083,0.258144,0.120504,0.077311,-0.012324,-0.165367,-0.005412,1.608581,0.772136,0.635776,0.523821,0.518186,0.430607,0.413836,0.379493,0.402178,0.384911,0.361986,0.363675,0.370025,1.708869,0.691347,0.536003,0.459217,0.429949,0.400815,0.265787,0.283467,0.311357,0.345199,0.308950,0.190188,0.361701,0.635040,0.253117,0.214975,0.158526,0.133170,0.113072,0.093070,0.076060,0.098326,0.071874,0.074553,0.085285,0.090943,0,1
-46.343771,4.464126,-0.097675,0.930131,-0.062256,0.474349,-0.042195,-0.099694,0.306874,-0.088857,0.190962,-0.053190,-0.100390,1.393130,0.988253,0.704704,0.645444,0.556088,0.458785,0.475172,0.460872,0.415342,0.423750,0.413113,0.387795,0.372122,2.404402,0.886105,0.567770,0.485366,0.607188,0.321087,0.408787,0.360942,0.263599,0.336597,0.207294,0.216638,0.217949,0.453741,0.305741,0.192302,0.200091,0.159674,0.110290,0.102516,0.121031,0.092555,0.113776,0.100540,0.080999,0.070011,0,1
-45.983544,4.334877,-0.254455,1.072498,-0.247337,0.522074,-0.033067,-0.430666,0.336870,-0.142805,0.384500,-0.056339,-0.113306,1.302194,0.850729,0.713225,0.698346,0.619773,0.479891,0.485993,0.493250,0.421223,0.435186,0.424062,0.409234,0.414781,1.829966,0.826058,0.641997,0.739194,0.742222,0.413625,0.377038,0.504971,0.300402,0.330258,0.323199,0.261176,0.264616,0.485211,0.349024,0.250285,0.272852,0.223152,0.119664,0.118206,0.133578,0.101943,0.107726,0.105664,0.089711,0.103250,0,1
-44.866080,3.876283,-0.502251,0.715162,-0.187874,0.564017,0.018507,-0.157949,0.266708,-0.085887,0.052379,-0.205970,-0.182842,1.342752,0.868257,0.765534,0.632874,0.618753,0.511601,0.476626,0.492448,0.449538,0.446192,0.433845,0.438695,0.436120,1.369185,0.877224,0.726034,0.450325,0.567047,0.454394,0.364294,0.390884,0.314037,0.283672,0.232913,0.331890,0.277773,0.568367,0.273486,0.269961,0.236824,0.171929,0.121970,0.114863,0.130767,0.115114,0.099434,0.107180,0.099362,0.118753,0,1
-47.518542,4.038283,0.340776,1.087712,0.047191,0.504444,0.087162,-0.310572,-0.067004,-0.051422,0.286832,-0.157434,-0.120080,1.197979,0.645736,0.541034,0.494961,0.487214,0.422536,0.416689,0.409717,0.450122,0.416913,0.425414,0.407036,0.393969,2.405074,1.091711,0.699488,0.642867,0.585448,0.340545,0.470199,0.482294,0.646079,0.427224,0.455375,0.487915,0.399520,0.560560,0.254162,0.180554,0.166966,0.164183,0.100360,0.091837,0.103888,0.143512,0.107146,0.137042,0.102538,0.120102,0,1
-45.542864,3.031243,-0.561524,1.543587,-0.040055,0.757985,0.089320,0.049500,0.239805,0.027025,0.093285,0.077097,-0.020523,1.298968,0.732733,0.557727,0.536632,0.511899,0.431040,0.427185,0.419605,0.416075,0.422920,0.392085,0.386773,0.372448,1.194762,0.805741,0.812525,0.533873,0.569526,0.277435,0.300177,0.313648,0.228722,0.314526,0.316985,0.243540,0.256115,0.476090,0.255733,0.173489,0.170497,0.138063,0.091977,0.110388,0.099662,0.097291,0.096617,0.075670,0.087317,0.079740,0,1
-45.662385,2.714184,-0.354923,1.501193,-0.383736,0.436301,-0.135195,0.084728,0.362704,-0.098880,0.145818,-0.139435,-0.022490,0.923073,0.590007,0.601123,0.584977,0.518233,0.446198,0.425956,0.418333,0.416207,0.414526,0.409578,0.392952,0.383037,1.090290,0.679109,0.753007,0.978189,0.565297,0.396629,0.408774,0.363435,0.349814,0.406744,0.336702,0.352493,0.297962,0.401699,0.190187,0.239230,0.224599,0.182995,0.105957,0.099212,0.105635,0.086778,0.095963,0.084747,0.097779,0.090082,0,1
-46.371362,3.595680,-0.175795,1.157735,-0.047002,0.591292,0.197869,-0.010792,0.266959,0.019002,0.210949,0.072703,0.071941,1.188062,0.822401,0.670815,0.654097,0.569387,0.442063,0.441519,0.432864,0.427677,0.425036,0.396706,0.395341,0.384778,1.349287,0.829983,0.566128,0.654221,0.636811,0.351031,0.286601,0.262317,0.348017,0.347570,0.272991,0.265313,0.274470,0.475891,0.296400,0.233673,0.269067,0.202786,0.106038,0.115892,0.094103,0.094306,0.088971,0.084350,0.082165,0.083122,0,1
-50.714758,2.884061,-0.204848,1.102813,0.408489,0.532153,0.165728,-0.107166,0.302069,0.105090,0.386681,0.100903,0.169914,1.683105,0.976077,0.716115,0.729798,0.600796,0.518602,0.506452,0.501677,0.477054,0.496965,0.447755,0.444695,0.429084,2.152122,0.954293,0.612719,0.667435,0.356235,0.461590,0.430617,0.385889,0.348474,0.424002,0.349576,0.379611,0.320890,0.681903,0.568862,0.244248,0.247537,0.168114,0.124394,0.127679,0.121941,0.116209,0.107360,0.093498,0.098260,0.098153,0,1
-48.387443,3.341282,-1.266381,2.155006,0.456596,1.129557,0.364639,0.917707,0.525402,0.171919,0.221949,0.074156,0.180930,1.778981,0.926492,0.708761,0.652551,0.519902,0.448940,0.473264,0.465314,0.440563,0.422968,0.401309,0.402447,0.376183,1.836974,0.769235,0.472810,0.697395,0.378707,0.346219,0.421303,0.448054,0.336454,0.245681,0.242107,0.301784,0.224330,0.942106,0.361324,0.185398,0.197528,0.170724,0.100072,0.141949,0.121613,0.094428,0.097643,0.100724,0.087176,0.083113,0,1
-46.327757,3.196719,0.427712,1.242364,0.343593,0.584123,0.040588,0.138726,0.097661,0.039373,-0.125314,0.187838,0.253054,1.440577,0.944071,0.685766,0.568440,0.526045,0.462903,0.455680,0.439446,0.418798,0.426500,0.390644,0.382495,0.366510,1.196478,0.681935,0.580958,0.646014,0.430497,0.421401,0.320764,0.293742,0.313038,0.274027,0.183445,0.196918,0.235093,0.473558,0.233557,0.204128,0.154467,0.171589,0.132596,0.102376,0.105045,0.104749,0.093950,0.081800,0.078882,0.082128,0,1
-52.261877,3.428210,2.279353,0.831845,0.816036,0.457366,0.429715,0.173199,0.169242,0.167176,-0.169624,-0.030176,0.046969,2.744348,1.485634,1.243245,0.974603,0.815939,0.567425,0.535658,0.515796,0.518684,0.440455,0.407263,0.435198,0.397848,2.316064,1.034366,0.957632,0.970624,0.689712,0.402913,0.354446,0.362410,0.297164,0.218645,0.213621,0.256204,0.270769,0.794713,0.396123,0.390467,0.402362,0.268843,0.172917,0.137077,0.148005,0.134406,0.112042,0.105594,0.117955,0.113339,0,1
-48.576524,3.922496,-0.084173,1.002000,-0.497604,0.700026,-0.027675,-0.005939,-0.025495,0.045765,0.017758,-0.116509,-0.025300,2.634107,1.194503,0.973656,0.640952,0.716077,0.526994,0.486434,0.482828,0.470327,0.440326,0.448376,0.478722,0.415593,2.799147,0.936763,0.903035,0.687116,0.582749,0.604580,0.376464,0.409143,0.597911,0.320598,0.315649,0.459389,0.233995,1.334270,0.480961,0.307080,0.240220,0.250533,0.158189,0.133863,0.132113,0.126232,0.091311,0.126246,0.185136,0.090567,0,1
-45.024085,3.344981,-0.549237,1.649501,0.242760,0.455304,0.057454,0.162933,-0.116005,0.207999,0.203264,0.217885,0.337204,1.396244,0.812070,0.629082,0.666343,0.547225,0.482847,0.485479,0.510776,0.442192,0.444077,0.432191,0.419273,0.417064,1.071727,0.753499,0.644638,0.740866,0.427431,0.320247,0.345176,0.425021,0.279753,0.400958,0.298329,0.443484,0.310478,0.623426,0.390919,0.224309,0.241616,0.144061,0.103216,0.151883,0.141183,0.110007,0.098906,0.106921,0.116518,0.106564,0,1
-49.687514,5.749102,-0.633470,1.560048,0.307812,0.084753,0.182996,0.485526,-0.155535,-0.041280,-0.145661,-0.021936,-0.046985,2.192422,1.236409,0.912991,0.656027,0.488874,0.500691,0.495870,0.482147,0.450346,0.444603,0.412248,0.400271,0.407310,1.337126,0.718169,1.003384,0.381383,0.384246,0.433545,0.443612,0.494879,0.608347,0.537087,0.391711,0.413488,0.404803,0.659679,0.365726,0.260773,0.162146,0.146753,0.131210,0.147718,0.123149,0.129490,0.119715,0.092727,0.089984,0.110949,0,1
-45.339235,2.773072,-0.197210,1.271348,0.263944,0.385531,0.070452,0.215076,0.352168,0.047504,0.202635,0.044363,0.099776,0.958069,0.714545,0.700623,0.685179,0.471786,0.483891,0.461925,0.462876,0.424959,0.421975,0.395248,0.397366,0.426718,1.116203,0.713746,0.682907,0.780341,0.315344,0.448977,0.343067,0.312431,0.280025,0.349498,0.321786,0.261575,0.282746,0.433356,0.233565,0.270476,0.231965,0.121248,0.135816,0.116844,0.112050,0.088893,0.094488,0.088234,0.075067,0.101054,0,1
-51.334520,4.703974,0.153186,1.123301,-0.019498,0.582353,0.552880,-0.037138,0.151798,0.361175,0.190817,0.205312,0.218227,2.481159,0.952661,0.729688,0.614854,0.543434,0.498708,0.485083,0.472818,0.428172,0.429287,0.416283,0.402379,0.423328,1.229489,0.681299,0.532035,0.472786,0.319410,0.380924,0.375232,0.309019,0.233308,0.292634,0.308648,0.223060,0.230399,0.637115,0.246077,0.194674,0.167332,0.155165,0.121930,0.114807,0.116772,0.095361,0.093554,0.103389,0.080638,0.110428,0,1
-44.117936,3.014746,-0.687832,1.064510,0.254109,-0.144126,0.220199,0.122691,0.269386,0.318640,0.227088,0.007679,0.319954,1.445900,0.774535,0.723770,0.691399,0.524442,0.493261,0.487170,0.450043,0.426727,0.399293,0.418426,0.423175,0.427335,0.884566,0.616608,0.525904,0.576346,0.414545,0.352919,0.331667,0.258488,0.267106,0.232086,0.218494,0.243839,0.234471,0.741126,0.336490,0.247105,0.238675,0.160633,0.122065,0.121135,0.107133,0.088894,0.080749,0.088450,0.106351,0.116013,0,1
-47.768573,3.116289,-0.609412,1.485287,-0.281356,0.478824,0.404763,-0.051741,0.187006,0.246785,0.311470,0.158688,0.217755,2.137486,0.918522,0.861439,0.727998,0.638017,0.486160,0.501026,0.485751,0.477435,0.435298,0.427223,0.423187,0.408307,1.292385,0.715903,0.532629,0.740449,0.452910,0.281906,0.264172,0.320881,0.227883,0.231885,0.202750,0.249451,0.263854,0.649008,0.311915,0.271199,0.274625,0.224584,0.119569,0.132988,0.130527,0.116735,0.089775,0.100934,0.104330,0.099733,0,1
-45.037387,2.585686,-1.059812,0.511688,-0.064460,0.422333,0.351208,0.176706,0.249850,0.176390,-0.185511,0.110851,0.051715,1.376116,0.676999,0.705217,0.642285,0.583437,0.495893,0.482112,0.493155,0.470052,0.479728,0.477025,0.437427,0.439881,1.267576,0.644495,0.778702,0.561950,0.750042,0.529316,0.353133,0.389690,0.409946,0.421740,0.377674,0.467676,0.470376,0.634967,0.232666,0.224519,0.211518,0.157812,0.121655,0.121641,0.127703,0.126825,0.123598,0.131982,0.106637,0.127818,0,1
-46.785818,3.966955,-1.440349,1.240633,0.718108,0.201673,0.333805,0.511812,0.134521,0.339910,0.293613,-0.167664,-0.186525,1.168849,0.606103,0.683691,0.504736,0.456213,0.440145,0.401081,0.418305,0.406656,0.366074,0.379884,0.393242,0.351386,1.567567,0.662690,0.588116,0.520746,0.591022,0.408960,0.211283,0.211887,0.235285,0.221315,0.247750,0.204664,0.195376,0.572514,0.189715,0.238576,0.123647,0.101090,0.104242,0.085786,0.095763,0.075591,0.070035,0.073216,0.077724,0.071317,0,1
-48.157117,2.168080,0.248342,1.575791,0.187042,0.458064,0.052584,0.396959,0.271404,0.566049,0.221228,0.194504,0.174661,2.492229,0.884581,0.812518,0.831177,0.713713,0.612459,0.516139,0.490364,0.461833,0.481156,0.460493,0.488012,0.448958,2.104731,0.592329,0.691495,0.685363,0.347855,0.547846,0.291395,0.296133,0.261474,0.258142,0.306666,0.354812,0.419303,1.159920,0.309716,0.298900,0.268217,0.203582,0.169159,0.136963,0.121868,0.118700,0.100423,0.104069,0.141609,0.116165,0,1
-45.888566,3.007403,-1.335033,0.973036,0.406898,0.581199,0.099085,0.358317,0.177002,0.173256,-0.147359,0.049456,0.457430,1.763444,0.701807,0.751166,0.642391,0.506417,0.509311,0.492112,0.439494,0.435093,0.420482,0.417816,0.410678,0.385894,1.330072,0.775274,0.610874,0.574532,0.418139,0.417172,0.351298,0.269899,0.276790,0.335044,0.309682,0.252892,0.249899,0.864232,0.238456,0.330226,0.179317,0.146951,0.154911,0.127567,0.091726,0.095520,0.087240,0.102733,0.119421,0.090644,0,1
-48.464384,3.338884,0.143555,1.416561,0.172937,0.449785,0.077632,0.392919,0.072295,0.113085,0.174833,0.027443,0.129409,2.310879,0.942581,0.843886,0.762487,0.546042,0.500650,0.465003,0.476357,0.419914,0.421554,0.412694,0.395330,0.376977,2.163793,0.997674,0.940607,0.839984,0.420112,0.312718,0.257687,0.250285,0.298558,0.394029,0.260941,0.269459,0.228200,0.936058,0.376963,0.298117,0.246534,0.144703,0.129540,0.128579,0.123475,0.109564,0.117887,0.104691,0.109263,0.090037,0,1
-47.487698,2.937077,-1.216276,0.735476,-0.384341,0.662300,-0.253247,0.558236,0.253532,0.264879,0.238520,-0.016126,0.274568,2.737276,0.859349,0.856188,0.614221,0.562605,0.554762,0.522654,0.498363,0.475914,0.486444,0.468550,0.460816,0.476025,2.765695,0.754454,0.776051,0.546829,0.414965,0.465800,0.331854,0.330475,0.341284,0.331675,0.323888,0.334772,0.374394,1.377830,0.268953,0.315199,0.187470,0.180421,0.168295,0.145907,0.123307,0.140046,0.141304,0.128607,0.128845,0.165969,0,1
-49.618476,6.452746,-0.514677,0.534476,-0.004591,0.553037,0.246541,0.340871,-0.062830,-0.169688,-0.294451,-0.220641,-0.199593,1.797090,0.966583,0.801115,0.578224,0.500552,0.474735,0.429181,0.428847,0.450950,0.403777,0.438164,0.431909,0.408193,1.929984,1.174884,0.830187,0.865817,0.467573,0.433521,0.408339,0.470280,0.428116,0.443676,0.546072,0.389439,0.582369,0.771279,0.457643,0.272208,0.244348,0.161049,0.122020,0.109559,0.104994,0.126397,0.088539,0.114724,0.133249,0.114402,0,1
-51.185648,4.679069,-0.614901,3.499788,-0.071923,1.255379,-0.308784,0.685193,0.113851,0.148745,0.091244,0.183029,-0.075658,1.748766,0.819859,0.583145,0.501338,0.536161,0.484615,0.447815,0.410456,0.412593,0.417321,0.373922,0.390088,0.362497,3.062569,0.740450,0.670817,0.352098,0.390340,0.282092,0.262949,0.203192,0.318431,0.244694,0.286579,0.205609,0.253965,0.945932,0.348641,0.209210,0.111921,0.155269,0.114914,0.108783,0.083318,0.096113,0.105583,0.079756,0.075998,0.090416,0,1
-48.332470,4.382751,-0.948930,1.024741,0.517599,0.014393,-0.737650,-0.342586,-0.021460,0.313894,0.141331,0.171353,-0.147744,1.477276,0.922751,0.793404,0.590637,0.515975,0.506544,0.476950,0.452011,0.424250,0.409574,0.416420,0.387024,0.438640,1.890799,0.887055,0.917671,0.380049,0.390808,0.480824,0.396998,0.446397,0.377602,0.267587,0.373108,0.335238,0.313882,0.957308,0.320003,0.207379,0.158052,0.137516,0.129481,0.107253,0.116220,0.101217,0.109613,0.093906,0.088747,0.104517,0,1
-47.613508,2.212550,-0.222306,1.534489,-0.065045,0.450650,0.133607,0.019428,0.131138,-0.094376,-0.039253,-0.038722,-0.061652,1.746229,0.907630,0.703406,0.618081,0.534382,0.565001,0.513250,0.502590,0.482360,0.455120,0.427386,0.419474,0.418118,1.531763,0.793962,0.719163,0.650214,0.558352,0.530779,0.467109,0.507816,0.395665,0.292057,0.275199,0.306076,0.382206,0.925013,0.308289,0.258975,0.240196,0.169759,0.205419,0.172286,0.184944,0.169489,0.135554,0.104121,0.116867,0.122807,0,1
-47.764778,5.246056,-0.970229,1.447173,0.056216,0.514029,0.174759,0.328404,0.211581,0.245581,-0.089377,0.331976,-0.181082,1.688699,1.153559,0.710216,0.576954,0.543987,0.449095,0.473445,0.455737,0.417412,0.424178,0.453675,0.421424,0.400788,1.138605,0.778804,0.525974,0.513732,0.421371,0.401278,0.334234,0.403430,0.314731,0.405287,0.467573,0.288370,0.351513,0.543027,0.415804,0.217451,0.156925,0.132299,0.098371,0.100895,0.102914,0.085583,0.093390,0.109613,0.086008,0.078746,0,1
-51.605809,5.490850,0.185273,1.251151,-0.148886,0.013521,0.385874,0.242658,-0.149637,0.139317,0.248553,0.270061,-0.115442,1.293098,0.773419,0.573551,0.510076,0.476791,0.405169,0.415107,0.415408,0.414908,0.400816,0.368329,0.355597,0.368346,4.708729,1.825217,0.804447,0.575547,0.578506,0.348471,0.365054,0.231340,0.387461,0.302735,0.272339,0.285645,0.243458,0.593078,0.314308,0.192175,0.126907,0.121265,0.096348,0.099440,0.097396,0.094036,0.093216,0.092525,0.073248,0.086383,0,1
-52.393644,5.974496,0.967831,0.837447,-0.070848,0.779164,0.130773,-0.080603,-0.072870,-0.084635,0.056951,0.129749,0.211485,2.158079,1.554082,0.681448,0.520857,0.498559,0.432227,0.439403,0.411317,0.396682,0.404471,0.403142,0.403711,0.388497,2.890601,0.946468,0.841022,0.492550,0.340450,0.257718,0.232461,0.310770,0.246891,0.329839,0.213486,0.388217,0.264472,0.804650,0.535247,0.218306,0.154019,0.126839,0.090989,0.095759,0.103455,0.080857,0.108024,0.094849,0.103105,0.093394,0,1
-48.485473,3.644045,1.581278,0.855703,0.287170,0.458035,-0.061505,-0.063538,-0.223237,0.227832,0.254432,-0.084064,-0.063832,2.066451,1.117902,0.704344,0.560297,0.442205,0.463933,0.445635,0.430908,0.433992,0.412760,0.410828,0.416088,0.399142,1.784646,0.732742,0.678164,0.545737,0.331264,0.370190,0.304872,0.295793,0.360649,0.315889,0.372252,0.325520,0.349998,0.741191,0.312572,0.219912,0.168778,0.099838,0.109422,0.115930,0.100079,0.100759,0.082342,0.088435,0.109051,0.087957,0,1
-54.255976,5.817904,0.291713,1.620934,0.277403,0.830826,0.072815,-0.042423,0.289643,0.115296,0.184167,-0.106476,0.120015,2.366554,1.572590,0.924040,0.696810,0.636668,0.538047,0.496461,0.501607,0.457566,0.476365,0.440201,0.442335,0.410148,4.937098,1.356424,0.993896,0.607212,0.617055,0.555031,0.357051,0.389095,0.321159,0.392029,0.393999,0.353617,0.343723,1.337267,0.733819,0.346275,0.222224,0.181390,0.166746,0.111550,0.144327,0.115189,0.141920,0.119064,0.114507,0.108553,0,1
-44.186539,2.121366,-0.549335,1.088604,0.247017,0.361859,0.086985,-0.047827,0.111411,0.049468,-0.026466,0.121365,0.178696,1.144795,0.613886,0.504487,0.501665,0.460349,0.440185,0.457188,0.432295,0.433169,0.422364,0.391765,0.369652,0.378864,1.064274,0.535123,0.417340,0.434278,0.475435,0.321056,0.306345,0.355920,0.285172,0.309442,0.191037,0.212350,0.232806,0.475225,0.194484,0.137584,0.134832,0.125778,0.089949,0.095326,0.082402,0.089857,0.092295,0.070620,0.067920,0.074883,0,1
-51.589825,3.953704,-0.634840,1.023521,0.506251,0.463203,0.200735,0.227192,-0.022834,0.294742,-0.040999,-0.022880,0.114795,1.269535,1.031130,0.614463,0.560753,0.512217,0.509967,0.514590,0.498783,0.514793,0.486838,0.437694,0.431250,0.431491,1.678015,0.972576,0.558834,0.550202,0.330140,0.397698,0.358441,0.372321,0.431848,0.306464,0.379564,0.310787,0.278304,0.490310,0.425436,0.181647,0.146833,0.114390,0.116351,0.129453,0.127749,0.119485,0.104844,0.100305,0.103019,0.103344,0,1
-49.171734,6.563860,-0.154404,0.860580,0.142940,0.173459,0.157388,-0.104686,-0.082208,-0.118512,0.106917,0.114951,0.094765,1.941992,1.039661,0.780728,0.609166,0.476167,0.519346,0.483956,0.429784,0.415248,0.391909,0.392748,0.361820,0.375235,1.948935,0.685136,0.707098,0.501086,0.259428,0.305646,0.224315,0.219948,0.159516,0.187999,0.215529,0.201443,0.202985,0.699608,0.326724,0.229298,0.148307,0.098668,0.119959,0.112033,0.091485,0.081013,0.079104,0.088779,0.072887,0.077641,0,1
-45.222893,2.370762,0.543758,0.936568,0.166961,0.254919,0.206941,-0.056009,0.170595,0.207055,0.184978,0.079612,0.008586,1.646421,0.778580,0.596549,0.501511,0.415525,0.411054,0.424938,0.397432,0.393232,0.368569,0.385793,0.377281,0.384619,1.499750,0.487997,0.550632,0.436327,0.438771,0.373489,0.340511,0.326667,0.234076,0.275400,0.221156,0.297666,0.307362,0.635034,0.220077,0.173396,0.117684,0.095571,0.087694,0.101473,0.097262,0.100415,0.076387,0.085064,0.086486,0.080631,0,1
-47.836102,3.700018,0.333624,0.031155,0.470880,0.143760,0.387301,-0.052222,-0.041677,0.078644,-0.032005,-0.259208,-0.043204,1.499394,0.909330,0.642561,0.604810,0.484039,0.485334,0.477094,0.472695,0.437452,0.425606,0.413896,0.424001,0.426679,1.432676,0.661156,0.498177,0.579983,0.361443,0.383308,0.318440,0.337145,0.265791,0.247622,0.316797,0.297836,0.294532,0.519686,0.300459,0.169008,0.211009,0.116772,0.135034,0.121517,0.099379,0.106604,0.089451,0.093580,0.102382,0.091718,0,1
-51.614800,5.613496,0.699950,0.473474,0.194414,0.363680,0.231889,0.091525,0.248494,0.206481,0.153111,-0.189256,0.075354,1.207686,0.931484,0.727723,0.676741,0.539501,0.531063,0.487008,0.474033,0.475935,0.450639,0.439036,0.435993,0.440393,1.488324,0.927960,0.619411,0.641706,0.370357,0.429809,0.366021,0.360274,0.357758,0.328864,0.367646,0.341582,0.342197,0.425910,0.395617,0.319656,0.211479,0.149835,0.153037,0.111609,0.114466,0.123913,0.106329,0.110867,0.098287,0.125132,0,1
-56.386089,5.922623,1.583849,0.267245,0.422529,0.648293,0.324417,0.156211,-0.087308,0.142578,0.471074,0.176626,0.120009,1.550305,1.244281,0.844240,0.621872,0.497890,0.450167,0.445017,0.436433,0.427027,0.411201,0.439303,0.405990,0.384170,2.111683,1.138715,1.084727,0.792158,0.520929,0.350846,0.389129,0.363531,0.313416,0.295407,0.370261,0.332364,0.322648,0.555774,0.462873,0.316736,0.237216,0.149172,0.114580,0.109368,0.092380,0.096181,0.089047,0.132221,0.106448,0.101819,0,1
-48.646644,4.162115,-0.572050,0.554733,0.215936,0.342612,0.083382,0.038149,0.033028,0.103841,-0.084158,-0.039493,0.027098,1.451365,0.829393,0.625007,0.588276,0.488164,0.484472,0.471400,0.449548,0.454936,0.427469,0.433427,0.436385,0.446844,1.189361,0.757402,0.502166,0.552979,0.362183,0.384262,0.467209,0.292337,0.286130,0.345950,0.359821,0.377776,0.335894,0.401169,0.233722,0.173265,0.167132,0.094134,0.116090,0.117351,0.097688,0.104232,0.101519,0.114235,0.098967,0.121870,0,1
-55.337345,5.998078,2.319750,1.096348,0.846522,0.636544,0.529693,-0.148110,-0.362709,-0.391516,-0.344958,-0.394908,-0.231454,2.529207,1.322952,0.917309,0.622116,0.543430,0.526829,0.472709,0.445605,0.462623,0.494726,0.457844,0.477390,0.458078,2.753082,1.449760,0.830179,0.860972,0.563588,0.451865,0.450950,0.486256,0.409703,0.583870,0.512426,0.501942,0.460419,1.211772,0.397924,0.338256,0.235114,0.145935,0.150428,0.131648,0.152384,0.132954,0.176619,0.116125,0.179479,0.129032,0,1
-56.506173,4.194683,1.916367,0.850870,0.677243,0.405573,0.539292,0.108670,0.272199,0.209351,0.265003,-0.007151,0.244864,2.462582,1.149070,0.927867,0.705279,0.638489,0.556193,0.506413,0.493333,0.474111,0.447238,0.463416,0.418447,0.450824,3.295928,1.085709,1.238627,0.818448,0.707702,0.612232,0.470846,0.375388,0.311837,0.277850,0.449722,0.381541,0.445650,1.234985,0.493722,0.393905,0.253688,0.253899,0.185078,0.158159,0.130792,0.114154,0.131749,0.114859,0.107210,0.142404,0,1
-60.431241,6.976371,1.653493,1.401441,0.591576,0.565089,0.351917,-0.090156,0.004674,0.087477,0.274954,-0.009394,-0.084320,2.383562,1.628706,1.080962,0.870034,0.687229,0.541542,0.534154,0.554756,0.471763,0.507131,0.452743,0.472990,0.435609,4.056816,1.785655,1.265794,1.106356,0.708019,0.568677,0.636734,0.639533,0.489273,0.774113,0.555759,0.548641,0.446146,1.166576,0.738577,0.429306,0.406972,0.302094,0.190372,0.191644,0.201469,0.162445,0.209176,0.167201,0.156248,0.164834,0,1
-49.709897,3.890508,-0.131779,1.038145,0.583934,0.452898,0.473325,0.004757,0.090283,0.114979,0.212690,0.020018,-0.075428,2.967032,0.856825,0.856212,0.708641,0.599197,0.500989,0.469417,0.511732,0.493395,0.467760,0.424391,0.484974,0.428397,2.183919,0.549507,0.611648,0.617046,0.641659,0.321464,0.279115,0.394639,0.328046,0.318957,0.332202,0.292782,0.240350,0.841849,0.243277,0.244930,0.234361,0.189436,0.135182,0.108978,0.141127,0.118621,0.116687,0.102128,0.133963,0.099577,0,1
-47.883420,3.246928,-0.253247,1.001966,-0.115287,0.179370,0.175650,0.265977,0.165723,0.205950,0.288297,-0.116905,0.231862,1.917401,0.746628,0.660119,0.665227,0.526325,0.518886,0.458712,0.510967,0.496817,0.409699,0.430964,0.394424,0.396958,1.953060,0.784920,0.743896,0.686369,0.346820,0.490890,0.338847,0.419291,0.400606,0.276232,0.237864,0.214430,0.260218,1.022369,0.279239,0.268974,0.263070,0.146995,0.154853,0.135857,0.163912,0.147345,0.103522,0.109911,0.083843,0.107195,0,1
-56.704032,3.992220,0.285101,1.913656,0.326760,0.027602,0.654546,-0.141337,0.214137,0.292471,0.053660,-0.022697,-0.013744,2.826153,1.151696,0.865193,0.763526,0.578270,0.544117,0.486636,0.513562,0.457385,0.435917,0.409594,0.388269,0.387553,4.870299,1.101298,1.030174,0.895818,0.740719,0.690037,0.474714,0.608812,0.395612,0.424561,0.331458,0.323802,0.301152,1.202406,0.417119,0.335445,0.295146,0.215162,0.166358,0.123688,0.137475,0.129214,0.115271,0.112159,0.119233,0.120492,0,1
-50.275748,3.491500,0.846221,1.549626,-0.096473,-0.024056,0.443564,-0.013127,0.191340,0.210354,0.328331,-0.098579,0.090599,2.391640,0.966773,0.788578,0.807259,0.613434,0.546305,0.523296,0.564054,0.471817,0.433723,0.421989,0.426347,0.384641,1.763272,0.915806,0.682630,0.808986,0.536628,0.489523,0.346232,0.490440,0.389018,0.356069,0.329331,0.295990,0.229669,1.291949,0.412174,0.323462,0.312380,0.232961,0.134799,0.137744,0.191949,0.124019,0.105790,0.099375,0.104416,0.094421,0,1
-50.010082,3.195407,0.603932,1.334931,0.463932,0.576233,0.497808,-0.048757,0.269412,-0.064177,0.184599,0.229816,0.158147,1.730073,0.802644,0.746556,0.634678,0.539058,0.510764,0.474489,0.517876,0.478287,0.455400,0.438950,0.403795,0.402069,1.587266,0.665292,0.585307,0.471874,0.394476,0.408098,0.322108,0.388981,0.352563,0.303714,0.318998,0.193957,0.261046,0.725720,0.297499,0.303118,0.265713,0.178051,0.148511,0.146413,0.156311,0.163138,0.115311,0.118812,0.094509,0.098027,0,1
-53.977317,3.409168,0.999920,1.684790,0.436817,0.034092,0.491615,-0.642927,0.171806,-0.387262,0.041343,0.009766,-0.000682,1.876509,0.964098,0.739146,0.617758,0.568806,0.500925,0.521395,0.615824,0.492473,0.473870,0.459095,0.420796,0.451312,1.640277,1.099181,0.769740,0.534432,0.553096,0.551915,0.444445,0.658863,0.449038,0.405073,0.373301,0.408355,0.529464,0.846575,0.342145,0.242924,0.213695,0.211117,0.148192,0.158214,0.223162,0.150596,0.139964,0.130448,0.098371,0.133270,0,1
-53.577313,2.667451,1.025390,2.146214,0.525013,0.659682,0.443634,0.237757,-0.021312,-0.402567,0.395028,0.040965,-0.080832,2.343921,1.237199,0.882479,0.771810,0.587849,0.543010,0.530818,0.546899,0.500384,0.506386,0.455308,0.502798,0.423610,2.220644,0.835439,0.524453,0.862689,0.530353,0.559884,0.407034,0.364968,0.444369,0.333426,0.414151,0.361156,0.298112,0.889007,0.502244,0.352219,0.305195,0.235523,0.162887,0.134176,0.165804,0.128755,0.148998,0.122934,0.158077,0.120686,0,1
-48.126192,3.845140,0.208885,0.832881,0.276396,0.519249,0.184168,0.062852,0.148938,0.377511,0.060394,0.051242,0.205912,2.688035,0.917626,0.680872,0.779979,0.578267,0.496115,0.505797,0.476527,0.468865,0.417691,0.416760,0.450083,0.418918,2.178800,0.682708,0.656695,0.650337,0.464962,0.264986,0.295469,0.361281,0.247661,0.185364,0.230254,0.277511,0.271585,0.836413,0.256860,0.209345,0.244686,0.190841,0.112315,0.137924,0.102111,0.109835,0.092054,0.081240,0.122295,0.114338,0,1
-48.857812,4.612089,0.876639,0.971513,0.358016,0.287592,0.047469,0.124876,0.062756,0.337750,0.040816,0.114288,0.322377,2.427627,1.081503,0.759633,0.727145,0.529320,0.466869,0.510171,0.450470,0.460446,0.422742,0.408298,0.403999,0.407516,2.404905,1.099377,0.921355,0.887280,0.399227,0.339827,0.383079,0.321344,0.396877,0.346603,0.272997,0.295081,0.348271,0.943770,0.388095,0.305430,0.299767,0.150492,0.123135,0.146723,0.105871,0.127160,0.099686,0.095535,0.095897,0.086907,0,1
-46.941571,3.596386,0.368709,0.947305,0.315547,0.362529,0.228515,0.175953,0.123235,0.178953,0.086845,0.176405,0.135381,2.071855,0.939559,0.626255,0.578748,0.471099,0.448582,0.454795,0.413180,0.435134,0.387659,0.407400,0.388790,0.399582,1.332100,0.642677,0.445406,0.514150,0.242784,0.258526,0.272918,0.234711,0.336001,0.209789,0.239269,0.207994,0.270128,0.627018,0.233748,0.181698,0.190336,0.094984,0.112515,0.103152,0.087129,0.104586,0.087152,0.092311,0.087762,0.100346,0,1
-47.854771,3.561870,0.808085,1.191346,0.321995,0.462685,-0.025611,0.332639,0.057231,0.128574,-0.197052,-0.021853,0.089621,1.517284,0.658014,0.532085,0.547001,0.495514,0.482697,0.454344,0.437418,0.413312,0.417407,0.409416,0.400678,0.399885,1.943152,0.551945,0.651038,0.535567,0.339630,0.330354,0.346645,0.303654,0.278226,0.293277,0.253978,0.299307,0.235339,0.649301,0.228164,0.182224,0.191630,0.155427,0.116783,0.102657,0.117558,0.096582,0.097748,0.090333,0.086863,0.096273,0,1
-50.140382,3.367940,1.026895,0.987346,0.575900,0.381207,0.143861,0.285578,0.274584,0.397993,-0.037112,0.060533,0.170581,2.943034,1.165251,0.858186,0.695781,0.578380,0.549415,0.568139,0.535620,0.511006,0.461778,0.460415,0.458576,0.462233,2.376924,1.044027,0.879827,0.586877,0.489161,0.467451,0.476321,0.420999,0.450548,0.280325,0.364743,0.340993,0.383926,0.974632,0.477930,0.309498,0.216102,0.160547,0.187166,0.158481,0.153340,0.154399,0.120582,0.115452,0.125855,0.118409,0,1
-50.267930,5.173561,0.491561,1.100350,0.422453,0.374832,0.341957,0.224853,0.033623,0.278043,-0.035607,0.106462,0.307601,1.969289,1.077367,0.759524,0.724928,0.573835,0.519103,0.486575,0.482469,0.445556,0.436581,0.426684,0.408872,0.398718,2.099111,1.198205,0.741383,0.901527,0.508657,0.480408,0.393002,0.331118,0.357468,0.325409,0.310794,0.321597,0.333757,0.743198,0.489144,0.320171,0.298820,0.174145,0.157832,0.140720,0.147220,0.127884,0.115040,0.102828,0.113618,0.099795,0,1
-49.682536,3.681687,0.270237,1.001682,0.010255,0.514356,0.317089,0.255527,0.260749,0.311440,0.083879,-0.014834,0.055731,2.389582,0.853365,0.814195,0.657965,0.602563,0.537941,0.526427,0.508376,0.500277,0.492261,0.453914,0.426660,0.421246,2.203617,0.697729,0.741783,0.639093,0.463093,0.356937,0.322427,0.268057,0.401625,0.376937,0.320842,0.242259,0.351560,1.033827,0.268678,0.285014,0.196340,0.165997,0.139426,0.142206,0.120896,0.127584,0.110213,0.103714,0.110404,0.116291,0,1
-50.618308,4.879256,0.764102,0.848467,0.946236,0.201259,0.130823,0.377040,0.289291,0.290518,0.144116,0.337759,0.171533,2.219749,1.228498,0.781674,0.697918,0.527478,0.503227,0.529726,0.455348,0.433751,0.440133,0.384419,0.390602,0.375001,1.937685,0.933327,0.769897,0.790198,0.562448,0.416298,0.491629,0.368252,0.300904,0.371267,0.262989,0.255121,0.343486,0.813267,0.454545,0.320498,0.258509,0.166803,0.159758,0.154455,0.135286,0.110330,0.131372,0.085056,0.094914,0.104855,0,1
-48.123284,3.984009,0.110522,1.031958,0.131453,0.415413,-0.029606,0.419289,0.096070,0.216718,0.363570,0.005051,0.220908,1.956552,0.962695,0.712532,0.571801,0.496071,0.513908,0.479102,0.464759,0.462084,0.429115,0.410505,0.416226,0.442821,1.529518,0.724181,0.531962,0.494878,0.367467,0.372496,0.307164,0.311170,0.347463,0.270467,0.317897,0.286555,0.299024,0.779758,0.338076,0.228190,0.147012,0.138142,0.137041,0.109889,0.114279,0.094876,0.099239,0.091427,0.082655,0.121891,0,1
-48.044935,3.107625,0.385206,0.908021,0.079206,0.359050,-0.123971,0.567734,0.137239,-0.122785,0.154213,-0.196176,0.101745,1.738337,0.809366,0.615154,0.559132,0.516543,0.500174,0.491137,0.463705,0.452270,0.458220,0.468484,0.447337,0.438289,1.172679,0.572021,0.533658,0.502095,0.378786,0.448149,0.327007,0.331104,0.351161,0.343347,0.373726,0.322007,0.424080,0.607924,0.269683,0.191397,0.166560,0.132507,0.127844,0.114128,0.130994,0.109786,0.109968,0.119719,0.116956,0.115025,0,1
-49.658662,3.088257,0.030878,0.761539,-0.210902,0.293087,-0.352117,0.226878,0.223102,-0.102358,0.158790,0.064442,0.135025,2.510366,0.826590,0.726184,0.691036,0.585890,0.505156,0.514705,0.487410,0.437638,0.455521,0.464787,0.419458,0.446925,3.089255,0.887673,0.628072,0.694210,0.397476,0.386890,0.414441,0.440142,0.336268,0.410889,0.475926,0.297882,0.344942,1.482196,0.381554,0.252732,0.261092,0.155156,0.137205,0.150086,0.126980,0.127867,0.132862,0.132468,0.107952,0.130039,0,1
-48.626023,2.334598,0.180386,0.602104,-0.021109,0.223943,0.041725,0.351436,0.153533,-0.102764,0.189836,-0.224590,0.075210,1.819036,0.639624,0.649189,0.570700,0.526153,0.472776,0.477506,0.427176,0.441276,0.436256,0.424127,0.411185,0.444755,2.135935,0.709717,0.562456,0.676744,0.508222,0.411795,0.348521,0.351133,0.325670,0.328666,0.418493,0.342402,0.380448,0.880004,0.209265,0.225730,0.213525,0.164789,0.112105,0.131941,0.099239,0.117527,0.109662,0.118403,0.108582,0.127498,0,1
-49.715961,3.965680,0.842023,1.508669,0.201352,0.405891,0.075608,0.311830,-0.040052,0.032087,0.150055,-0.148637,0.160021,1.496987,0.812305,0.593135,0.505253,0.467548,0.440547,0.456397,0.414846,0.420767,0.385863,0.413971,0.414755,0.398827,1.200690,0.591323,0.610496,0.566063,0.287915,0.297807,0.380591,0.300862,0.316203,0.301045,0.305684,0.319590,0.366918,0.600650,0.307015,0.185864,0.162281,0.112415,0.096257,0.129847,0.099466,0.099126,0.082381,0.095469,0.086702,0.111327,0,1
-48.528581,3.250768,0.299666,0.706817,0.376645,0.434385,0.036141,0.376864,0.106897,0.181829,0.275805,-0.067242,-0.071164,1.491057,0.860572,0.704788,0.605596,0.485190,0.502944,0.467715,0.431261,0.454393,0.423071,0.416250,0.402364,0.395508,1.933066,0.926061,0.579593,0.623144,0.495490,0.546529,0.351643,0.396004,0.391222,0.332458,0.362318,0.378533,0.385428,0.754731,0.348357,0.239395,0.219140,0.154151,0.121289,0.120913,0.108181,0.113377,0.111446,0.082788,0.097689,0.086104,0,1
-52.435643,3.606922,-0.197255,1.201334,0.180864,0.307244,0.022880,0.288570,0.174435,-0.061272,0.023103,-0.200717,0.340449,1.814218,0.874802,0.646139,0.628663,0.549944,0.459898,0.451461,0.472766,0.440547,0.431558,0.414954,0.419563,0.456876,2.986078,1.038108,0.573784,0.678637,0.635856,0.525630,0.400367,0.445609,0.544539,0.502712,0.441042,0.414200,0.497022,0.877557,0.438171,0.258063,0.219071,0.216104,0.147782,0.122580,0.137342,0.128748,0.128102,0.114764,0.111080,0.143502,0,1
-52.115734,3.106333,-0.013474,1.692306,0.112732,0.287085,0.042175,-0.150967,-0.044994,0.014508,-0.081274,0.144667,-0.047294,2.461532,1.269951,0.917018,0.816471,0.626160,0.560315,0.525082,0.528500,0.447124,0.455870,0.431138,0.404020,0.415602,5.825482,1.323448,1.117405,0.623914,0.569810,0.401607,0.516244,0.514502,0.283387,0.282150,0.269823,0.294535,0.287959,1.208891,0.775541,0.365262,0.359592,0.232940,0.175835,0.166019,0.155483,0.120777,0.122614,0.119113,0.107997,0.120464,0,1
-45.259842,3.532937,-0.707546,1.197946,0.096926,-0.001359,0.305178,0.129579,0.350720,0.102116,0.280596,0.150451,0.009143,1.084416,0.610426,0.598361,0.549417,0.480895,0.460083,0.399782,0.391411,0.387546,0.395150,0.401352,0.379644,0.361775,0.960620,0.466793,0.519479,0.581621,0.354430,0.358484,0.232414,0.221713,0.295197,0.243413,0.278121,0.234672,0.234556,0.495384,0.222890,0.198478,0.205229,0.127379,0.130385,0.090391,0.109622,0.085991,0.090762,0.084276,0.093800,0.084051,0,1
-49.517013,2.386536,-0.806284,1.295968,-0.039388,0.118458,-0.132776,0.328507,-0.070528,0.229755,0.092722,0.165175,-0.055962,2.658239,0.885645,0.833585,0.708433,0.521612,0.581562,0.509103,0.489087,0.480558,0.429221,0.438829,0.441057,0.459515,2.511183,0.924055,0.741395,0.654302,0.376087,0.432206,0.302591,0.338449,0.339565,0.303523,0.294027,0.319456,0.400828,1.524273,0.315256,0.340757,0.292927,0.151340,0.211322,0.154099,0.137504,0.151922,0.141011,0.135395,0.152608,0.177351,0,1
-51.193664,5.307028,-0.290587,0.899092,0.001154,0.516449,0.303642,0.349154,0.132521,0.221835,0.334678,0.017764,-0.110256,2.291363,1.170753,0.728657,0.603291,0.489598,0.459490,0.454135,0.474273,0.440574,0.416751,0.388979,0.429595,0.391607,1.668643,0.793001,0.518384,0.589667,0.355586,0.378506,0.283811,0.426399,0.303098,0.297044,0.241303,0.324974,0.271151,0.708409,0.432123,0.249912,0.230609,0.144186,0.122711,0.153489,0.146583,0.132402,0.101057,0.103676,0.114756,0.115349,0,1
-47.433884,2.754300,0.852074,0.369742,-0.290961,0.254347,0.211731,0.032830,-0.340416,-0.098854,-0.446425,-0.238083,-0.499595,1.682081,0.901342,0.663092,0.853652,0.638979,0.495336,0.532576,0.549178,0.510505,0.531808,0.509872,0.549360,0.497550,2.122026,0.966156,0.675092,0.830226,0.516111,0.516685,0.667200,0.615126,0.754223,0.634016,0.566821,0.637423,0.897641,0.732827,0.310239,0.166354,0.325659,0.187407,0.129339,0.139497,0.170264,0.151787,0.158809,0.168281,0.188128,0.195707,0,1
-46.986868,3.192039,-0.797165,1.297255,-0.277936,0.502295,0.086867,-0.044339,0.285000,-0.008217,0.447457,0.077579,0.110480,1.006035,0.823046,0.658944,0.584219,0.501936,0.448837,0.460167,0.410276,0.427716,0.396291,0.389018,0.382190,0.372432,1.048793,0.791009,0.561886,0.495927,0.321678,0.274989,0.335860,0.220517,0.245117,0.237874,0.224977,0.210319,0.238576,0.389587,0.240655,0.192468,0.165937,0.113861,0.108342,0.098882,0.086141,0.098496,0.075324,0.083737,0.080968,0.077305,0,1
-46.738490,3.038539,-0.776104,1.550747,0.041489,0.249734,-0.074601,0.102504,-0.019676,-0.013185,0.243467,0.141908,0.302297,1.216422,0.730095,0.532645,0.515136,0.455954,0.437767,0.449268,0.448968,0.415546,0.427848,0.408528,0.381987,0.382232,0.610428,0.556123,0.356113,0.366913,0.233581,0.259987,0.288085,0.267462,0.227919,0.218403,0.250222,0.225594,0.211315,0.283697,0.205689,0.137379,0.126133,0.088492,0.083359,0.090834,0.085351,0.098736,0.096161,0.090166,0.078787,0.073570,0,1
-48.735208,4.554325,-1.164624,1.696731,0.081271,0.262083,0.083083,-0.066273,0.337537,0.373968,0.069591,-0.119182,0.047605,0.978604,0.734351,0.644699,0.562041,0.471582,0.436090,0.432615,0.419236,0.417512,0.425543,0.400046,0.390401,0.347197,1.250113,0.808263,0.614620,0.701156,0.366032,0.277929,0.327777,0.341791,0.291522,0.280994,0.266741,0.274894,0.223776,0.325391,0.294413,0.205934,0.183765,0.106378,0.092752,0.098138,0.103862,0.088752,0.086961,0.081780,0.071483,0.066862,0,1
-47.718377,2.217599,-0.873730,1.742864,0.321485,0.624432,0.338786,0.381601,0.403430,0.326978,0.185776,0.004783,-0.062097,0.725178,0.545143,0.526378,0.455397,0.407142,0.423719,0.383265,0.420558,0.379599,0.386101,0.368840,0.374098,0.333353,1.401698,0.473616,0.571673,0.354140,0.279655,0.299149,0.353069,0.273108,0.264120,0.243296,0.257023,0.257090,0.249599,0.322918,0.143402,0.113708,0.089051,0.082590,0.103054,0.087181,0.106008,0.078203,0.069446,0.082563,0.085682,0.067885,0,1
-51.358645,4.232271,0.312264,2.113801,-0.008980,0.307172,0.065931,-0.230921,0.017701,0.240902,0.240936,0.113287,0.308573,1.478324,0.824125,0.642257,0.602864,0.473522,0.471298,0.467987,0.424647,0.463339,0.425593,0.402490,0.401580,0.407121,2.158852,0.930971,0.662677,0.726542,0.411806,0.394712,0.400663,0.361032,0.502276,0.405074,0.353265,0.294220,0.339527,0.556747,0.254739,0.233052,0.208393,0.113655,0.110458,0.107203,0.101851,0.138291,0.113767,0.095739,0.086735,0.086356,0,1
-50.667651,4.371232,-0.443956,1.587094,0.156369,0.291103,0.241738,-0.070982,-0.223541,0.297423,0.052202,-0.298958,0.174221,1.182077,0.679687,0.585794,0.492796,0.455634,0.419247,0.421452,0.415009,0.394686,0.391358,0.409454,0.390271,0.380788,2.934507,0.714462,0.465628,0.383110,0.252759,0.202295,0.318331,0.283938,0.223625,0.234343,0.198336,0.217462,0.221273,0.632584,0.241759,0.178728,0.123994,0.118633,0.079708,0.108025,0.094292,0.085277,0.085747,0.083978,0.084501,0.076434,0,1
-49.493424,3.781901,-0.752674,1.722040,-0.093626,0.669312,0.378113,0.319560,-0.071354,0.328749,0.256525,-0.112752,0.170686,1.053327,0.749747,0.620847,0.535334,0.468816,0.416372,0.445216,0.415722,0.436072,0.386745,0.392502,0.379961,0.373397,2.030780,0.719848,0.683178,0.643600,0.385556,0.328661,0.361538,0.265074,0.355911,0.263676,0.319983,0.220645,0.209559,0.478453,0.292262,0.195857,0.138694,0.096349,0.083379,0.094028,0.081013,0.103978,0.079312,0.065216,0.071746,0.086353,0,1
-55.683287,5.173510,0.371815,2.573302,0.696266,0.422845,0.116447,0.313330,0.254705,0.343954,0.269029,0.029243,0.271162,1.599564,0.931917,0.753492,0.640926,0.536500,0.498374,0.466826,0.445434,0.401975,0.418987,0.392352,0.389170,0.408170,5.847419,1.030356,1.149781,0.784452,0.632766,0.464124,0.465964,0.461663,0.341566,0.354965,0.298968,0.338135,0.346755,0.885027,0.430782,0.293847,0.213137,0.190713,0.145073,0.126853,0.104900,0.091918,0.103852,0.103874,0.094413,0.108987,0,1
-55.357399,5.033849,-0.339159,1.538440,0.169908,0.635824,-0.099054,-0.020255,0.265221,0.638052,-0.005074,-0.012383,0.111254,1.328671,0.815059,0.596970,0.543617,0.518279,0.472335,0.485714,0.458629,0.417268,0.406418,0.437460,0.404285,0.404567,4.632828,1.946715,1.038252,0.680454,0.604304,0.360208,0.368776,0.365320,0.352583,0.372478,0.336038,0.316584,0.326057,1.262859,0.396466,0.235967,0.158575,0.141226,0.135842,0.145119,0.116000,0.097994,0.102935,0.108639,0.105507,0.104959,0,1
-50.095789,3.363015,0.992935,1.526771,0.208153,0.650884,0.129413,0.693994,-0.074474,0.063963,0.050826,-0.162154,-0.318997,2.007405,0.975406,0.774124,0.663413,0.612295,0.504423,0.557219,0.483026,0.479702,0.454238,0.432335,0.441939,0.475728,2.756510,0.943282,0.771948,0.641337,0.569203,0.405525,0.461826,0.367279,0.418320,0.376739,0.292787,0.468703,0.554961,0.911421,0.383439,0.252023,0.242782,0.203778,0.128985,0.164833,0.145662,0.128492,0.109899,0.112741,0.115053,0.132625,1,0
-48.753481,3.006794,1.208233,0.844972,0.055367,-0.019810,0.233273,0.350396,0.341326,0.018980,0.058609,-0.072532,-0.131178,3.477316,1.725500,1.117958,0.998045,0.932557,0.803376,0.731879,0.647137,0.618745,0.575317,0.603952,0.635291,0.666600,2.331025,0.963739,0.790168,0.638756,0.662255,0.517215,0.405788,0.345760,0.354643,0.328650,0.393144,0.547307,0.582633,1.443679,0.629746,0.327033,0.354155,0.305593,0.236542,0.219605,0.170791,0.173243,0.142603,0.173536,0.193432,0.254352,1,0
-48.657267,3.573884,1.211469,0.392672,0.054728,0.333583,0.001118,0.068697,-0.004504,-0.168488,-0.111183,-0.123667,0.051447,2.670437,1.139137,0.697833,0.578047,0.483558,0.465915,0.465391,0.448011,0.467896,0.449651,0.468157,0.491252,0.469821,1.425880,0.625838,0.659442,0.453986,0.359345,0.277733,0.259552,0.344171,0.494665,0.442598,0.438390,0.608204,0.489068,0.776205,0.327337,0.208555,0.180626,0.105413,0.101833,0.093097,0.105897,0.116114,0.125673,0.128738,0.148182,0.149217,1,0
-50.297963,5.352015,-1.445397,2.509438,-0.329814,0.991758,-0.362817,0.648508,0.292566,0.345203,-0.104518,0.124803,-0.185169,1.852735,0.951235,0.745506,0.716518,0.645660,0.576031,0.540171,0.503484,0.482835,0.474581,0.478661,0.479870,0.457583,1.720083,0.876071,0.577314,0.570482,0.480240,0.326527,0.352991,0.349912,0.307017,0.324727,0.334717,0.323659,0.297739,0.717534,0.332148,0.276593,0.226387,0.243457,0.167040,0.143189,0.151954,0.136661,0.118574,0.119666,0.157367,0.136718,1,0
-45.518054,4.181857,-0.094219,0.879500,-0.255421,0.058086,0.064180,0.620753,0.388307,0.191181,-0.032019,0.038884,0.124835,1.352596,0.840761,0.746037,0.735441,0.575195,0.535528,0.454925,0.455426,0.449335,0.399690,0.416765,0.406026,0.405872,1.661876,0.813028,0.797120,0.741365,0.449135,0.557288,0.269555,0.264654,0.260647,0.197539,0.315332,0.293426,0.285661,0.559725,0.395851,0.307541,0.288962,0.183101,0.190924,0.119805,0.108275,0.115754,0.096448,0.111597,0.125090,0.134049,1,0
-49.958716,4.291058,-0.032453,1.086788,-0.109813,0.369054,0.383238,0.710908,0.084945,0.176499,0.020264,0.175701,-0.070291,1.342940,0.750199,0.582217,0.594330,0.550250,0.475118,0.489878,0.488675,0.461766,0.424862,0.441278,0.397828,0.391130,7.610544,1.184480,1.605836,0.759877,0.823135,0.485103,0.450595,0.400482,0.502605,0.418455,0.342052,0.395163,0.317827,0.990011,0.483201,0.296338,0.242537,0.240685,0.137627,0.165082,0.186937,0.162093,0.125785,0.123202,0.090067,0.103457,1,0
-54.088271,4.485152,1.059279,0.866271,0.566881,0.289887,0.506139,0.883858,0.458405,0.418077,0.250676,0.010418,0.331459,1.776286,0.938845,0.726136,0.531319,0.473636,0.482734,0.486449,0.465672,0.431490,0.428314,0.421389,0.399811,0.419638,3.406034,0.645382,1.039450,0.524511,0.465590,0.503395,0.353340,0.390029,0.477921,0.366204,0.443562,0.299641,0.336746,0.762769,0.306408,0.326757,0.167569,0.119521,0.142908,0.110031,0.115962,0.096597,0.113151,0.089788,0.102774,0.130388,1,0
-55.385850,5.752502,-0.675051,0.992714,-0.949643,-0.219908,0.093663,0.476163,-0.116005,-0.684100,-0.486347,-0.235066,0.032394,1.578762,0.988162,0.739482,0.671667,0.513337,0.491036,0.483037,0.491951,0.557953,0.487465,0.508878,0.484836,0.502252,3.226881,1.889771,1.180379,1.253143,0.630495,0.653369,0.585273,0.639737,0.898351,1.051400,0.801796,0.936158,0.938869,0.876973,0.517114,0.441647,0.332726,0.174442,0.164054,0.170432,0.157224,0.198661,0.199884,0.180015,0.228607,0.194326,1,0
-47.433771,3.693764,0.028158,1.508914,0.095879,0.213613,0.073663,0.517984,0.539042,0.233846,0.040204,0.094722,0.052656,1.241661,0.843739,0.770035,0.637545,0.584901,0.546980,0.469046,0.475169,0.439256,0.412742,0.442373,0.402648,0.434254,2.569281,0.914418,0.990520,0.615065,0.690627,0.457496,0.443747,0.377459,0.331042,0.355770,0.332315,0.311962,0.378584,0.668090,0.355822,0.268599,0.180268,0.177967,0.158163,0.136690,0.151549,0.114955,0.103176,0.112603,0.098341,0.126304,1,0
-46.822172,2.783641,0.902571,1.324020,-0.155848,-0.088793,0.100460,0.595540,0.105508,-0.164268,0.062029,-0.029738,0.058714,1.714716,0.738304,0.780308,0.721996,0.567415,0.553792,0.479755,0.504343,0.476081,0.502483,0.435899,0.448027,0.437888,2.587038,0.470773,0.689124,0.475616,0.607170,0.335314,0.273456,0.382510,0.292399,0.417666,0.262517,0.282979,0.274825,0.854486,0.279737,0.355215,0.276962,0.161644,0.123327,0.142555,0.105279,0.116262,0.114921,0.102965,0.115789,0.125849,1,0
-49.914201,4.838623,0.216001,1.523632,0.712777,0.501033,0.192285,0.361563,-0.016923,0.140862,0.487781,-0.002290,0.005190,2.123483,1.190398,0.660691,0.655408,0.508412,0.496127,0.467728,0.448617,0.458355,0.403379,0.405578,0.413761,0.403721,2.918642,1.139548,0.554203,0.777567,0.471654,0.497767,0.354867,0.387570,0.476461,0.355149,0.408309,0.418809,0.410552,0.991110,0.501283,0.226993,0.241260,0.160318,0.135660,0.155152,0.164147,0.154624,0.097240,0.111149,0.128926,0.102723,1,0
-55.575102,6.444670,0.258448,0.605466,-0.796393,0.596326,-0.323764,0.137598,-0.141446,-0.218025,-0.016521,-0.513560,-0.352480,1.144096,0.824555,0.560095,0.616256,0.501564,0.502362,0.440922,0.434719,0.439624,0.421725,0.424101,0.443577,0.438389,2.821480,1.370549,1.032549,1.065166,0.595598,0.876974,0.602024,0.488555,0.483781,0.699949,0.600504,0.687702,0.648899,0.695206,0.499997,0.305140,0.303411,0.217239,0.180009,0.158949,0.142779,0.142326,0.134788,0.119215,0.153492,0.153027,1,0
-46.793606,3.762078,-0.598432,1.280757,0.144360,0.651343,0.237006,0.161723,0.135443,-0.110308,0.074358,0.191944,0.287075,1.445818,0.827992,0.737301,0.602472,0.549471,0.474497,0.488894,0.457847,0.469945,0.428103,0.441494,0.462585,0.437803,2.355780,0.924186,0.672933,0.620392,0.490826,0.431651,0.407282,0.389347,0.477795,0.337605,0.340317,0.412299,0.324521,0.628599,0.314472,0.285629,0.194098,0.171518,0.125426,0.139576,0.114254,0.131928,0.110346,0.110921,0.119449,0.121627,1,0
-53.708300,5.272979,1.937465,1.521215,0.752084,0.270490,0.181680,0.143938,0.457828,-0.081635,0.271575,0.227160,0.508084,2.577094,1.264682,0.799588,0.805843,0.562836,0.547050,0.513427,0.475706,0.496773,0.443103,0.384986,0.391376,0.385288,2.921273,1.072217,0.743210,0.917518,0.466749,0.579703,0.542851,0.490456,0.529190,0.524228,0.395653,0.331015,0.364385,1.114071,0.470470,0.337942,0.388354,0.168994,0.176748,0.157030,0.157016,0.163272,0.152254,0.104724,0.110651,0.098539,1,0
-51.598006,4.750649,-0.738911,1.031000,0.375063,0.255485,0.309241,0.495620,-0.208334,-0.226676,0.166612,0.110355,0.051559,1.429952,0.846107,0.756107,0.623090,0.513114,0.520658,0.511205,0.497285,0.448257,0.427838,0.432189,0.398017,0.387561,1.631992,0.653353,1.022873,0.856551,0.531413,0.569214,0.571012,0.372006,0.315260,0.312571,0.343127,0.267670,0.225128,0.615580,0.256162,0.211893,0.184663,0.121197,0.160124,0.144277,0.149507,0.124725,0.092289,0.103111,0.087006,0.081847,1,0
-47.650431,3.417570,0.397809,0.571420,-0.094602,0.100404,-0.094680,0.253608,0.101391,0.063896,0.070606,0.148505,0.210395,3.139083,1.097881,0.900938,0.765768,0.636444,0.578924,0.521688,0.499320,0.476778,0.456005,0.450407,0.444460,0.432229,2.294784,0.944128,0.932993,0.743836,0.406883,0.504555,0.359204,0.288124,0.342534,0.270830,0.315048,0.273525,0.338640,1.037583,0.390393,0.306991,0.262526,0.211331,0.152331,0.127439,0.141587,0.110950,0.116650,0.112795,0.128633,0.116610,1,0
-50.391298,2.918836,1.091279,0.992440,0.111177,0.385996,0.068656,0.568906,0.192378,0.143385,0.242345,0.106210,0.099786,2.936762,0.992230,0.741229,0.723895,0.621301,0.546910,0.564988,0.552444,0.506501,0.472673,0.439371,0.416507,0.416937,2.906884,0.899567,0.600414,0.702013,0.458910,0.367940,0.444750,0.429344,0.399277,0.297942,0.244004,0.261386,0.266881,1.709509,0.398617,0.265746,0.244798,0.205295,0.140717,0.146717,0.152051,0.142162,0.108779,0.098827,0.100645,0.082707,1,0
-47.403688,3.731558,0.347071,0.999371,0.075215,-0.008536,0.031202,0.148755,0.404737,-0.194208,0.054867,0.017691,-0.137206,0.943151,0.749273,0.577286,0.545035,0.479490,0.462311,0.443779,0.426752,0.427684,0.415341,0.387288,0.374153,0.368245,1.789967,0.949765,1.082274,0.694338,0.464820,0.449533,0.475197,0.405372,0.450821,0.294011,0.306846,0.278494,0.325598,0.403724,0.335389,0.194938,0.163235,0.133642,0.122332,0.093302,0.105993,0.107260,0.090512,0.088454,0.070166,0.070559,1,0
-48.021247,3.953863,0.924281,0.596552,0.375816,0.336709,0.069551,0.447687,0.490927,-0.091282,0.101987,-0.077303,-0.047223,2.158916,1.042378,0.940822,0.770742,0.620339,0.567600,0.562324,0.513688,0.519699,0.478081,0.497923,0.482856,0.516514,1.692638,0.801761,0.842494,0.705955,0.388158,0.397495,0.384353,0.337780,0.330849,0.296469,0.361880,0.333011,0.445906,0.662574,0.322452,0.244255,0.225809,0.153977,0.133695,0.147759,0.143345,0.137427,0.110125,0.125615,0.109488,0.161291,1,0
-45.659738,3.958933,0.135458,0.543377,0.128364,0.514515,-0.208576,0.333358,-0.042594,-0.125657,0.149630,0.023304,0.102732,2.168052,1.116192,0.794359,0.730735,0.707398,0.574427,0.568384,0.548562,0.498186,0.480870,0.441775,0.430123,0.431839,2.370306,0.895427,0.749603,0.727351,0.421974,0.395203,0.332852,0.427322,0.338673,0.322970,0.294794,0.200573,0.273638,0.902218,0.454826,0.375174,0.268581,0.217953,0.187423,0.162011,0.170237,0.138191,0.132682,0.123218,0.098343,0.120912,1,0
-44.089407,3.073832,-0.518849,0.483289,-0.187827,0.007272,-0.084861,0.166229,0.006294,-0.140249,-0.005744,0.021231,0.114917,2.461555,0.883060,0.826861,0.768018,0.663219,0.527593,0.563777,0.452546,0.461945,0.477217,0.416867,0.428938,0.422986,2.114743,0.669275,0.592192,0.636603,0.488609,0.431913,0.429224,0.224113,0.266037,0.336518,0.228150,0.256325,0.255562,0.877366,0.255228,0.240899,0.220227,0.187458,0.121379,0.181627,0.079807,0.110883,0.107536,0.076066,0.098524,0.095955,1,0
-46.448241,2.336303,-0.023652,0.526887,-0.027429,0.150396,-0.001048,0.082580,-0.048708,-0.079714,0.048451,0.128169,0.140602,2.593460,0.927448,0.739331,0.540562,0.519076,0.503854,0.470958,0.454292,0.458385,0.422012,0.411559,0.385879,0.378802,3.712726,1.061307,0.861484,0.371881,0.453463,0.407473,0.445633,0.415759,0.461635,0.228645,0.242970,0.166905,0.182550,1.333856,0.337594,0.301431,0.138407,0.178897,0.139187,0.151150,0.132169,0.132340,0.091618,0.093953,0.089032,0.073155,1,0
-47.648841,3.406901,0.406008,0.562353,-0.092512,0.100046,-0.109694,0.259734,0.097694,0.073746,0.074045,0.144099,0.207480,3.148572,1.097538,0.896117,0.760345,0.627799,0.577516,0.528689,0.509161,0.484019,0.437540,0.452397,0.441954,0.422081,2.274909,0.950181,0.935000,0.739151,0.427783,0.515143,0.359015,0.292352,0.335382,0.275351,0.310752,0.280301,0.350038,1.037534,0.381079,0.308265,0.251081,0.211654,0.154099,0.128731,0.142182,0.106679,0.115828,0.113765,0.118661,0.117879,1,0
-47.820833,3.305323,0.895866,0.653754,0.344025,0.544335,-0.138151,0.424681,0.236420,0.089218,0.124637,-0.051938,0.119280,3.074006,1.385190,1.050551,0.904029,0.707830,0.624460,0.630957,0.542147,0.521283,0.470405,0.495192,0.447547,0.471815,2.573094,1.045584,0.964349,0.798193,0.530350,0.485798,0.468539,0.410669,0.326654,0.291882,0.321118,0.305255,0.326312,1.249628,0.474330,0.426400,0.333910,0.253013,0.189320,0.178871,0.149220,0.133915,0.111049,0.134524,0.139078,0.140898,1,0
-47.247650,3.316979,0.044170,0.351253,-0.030837,0.207005,-0.119496,0.331235,0.340804,0.039284,0.135416,-0.094021,0.063430,2.691500,1.117855,0.759577,0.736124,0.633483,0.543322,0.575350,0.435056,0.458384,0.466061,0.458427,0.456736,0.473243,2.728393,0.857139,0.774684,0.756167,0.420141,0.372513,0.409494,0.253483,0.331026,0.284898,0.327380,0.319481,0.465005,0.923481,0.381100,0.243192,0.244259,0.226779,0.145040,0.168994,0.104289,0.094600,0.111029,0.129511,0.113408,0.140067,1,0
-50.943005,5.517895,1.945775,0.813911,0.623170,0.792651,0.182720,0.166346,0.321741,0.090108,0.395265,0.026631,0.110150,2.842206,1.479241,0.873415,0.737413,0.648328,0.533845,0.559643,0.505533,0.484486,0.451562,0.426518,0.465945,0.436221,2.403224,1.271044,0.767102,0.690416,0.590718,0.445989,0.573833,0.510420,0.390620,0.280530,0.382072,0.375276,0.375033,1.373981,0.423549,0.234949,0.254877,0.186474,0.175758,0.168640,0.147483,0.135129,0.125904,0.110651,0.119948,0.135332,1,0
-48.310610,5.820147,0.104628,0.116826,0.343260,0.323128,-0.379037,0.148738,0.380355,-0.249482,-0.067301,-0.173453,-0.106495,2.042502,0.955189,0.806932,0.734876,0.587210,0.517033,0.553856,0.476243,0.483353,0.468421,0.445719,0.456463,0.471956,2.966940,0.959193,0.936059,0.871726,0.480980,0.598900,0.520608,0.409462,0.431327,0.453052,0.381302,0.281119,0.388603,0.877910,0.365391,0.292858,0.260510,0.173894,0.145377,0.160474,0.135860,0.132785,0.113529,0.120944,0.141653,0.163862,1,0
-49.083360,4.612036,0.278438,0.939629,0.568831,0.496494,0.002457,0.535249,0.468889,0.115806,0.184613,-0.039837,0.086000,2.886531,1.487761,0.833821,0.817867,0.620049,0.549676,0.580860,0.502229,0.481025,0.435293,0.441048,0.478296,0.471584,2.510156,0.810774,0.576189,0.631420,0.475125,0.286116,0.311050,0.297404,0.329834,0.272252,0.310828,0.337305,0.422212,1.017363,0.484919,0.264917,0.248437,0.184753,0.115153,0.154098,0.131018,0.121187,0.117526,0.100808,0.138861,0.141043,1,0
-47.249929,4.117223,0.492337,0.505925,0.146013,0.264529,0.165812,0.368091,0.163534,0.273061,0.166219,-0.004760,-0.015649,2.516811,1.070698,0.733413,0.657623,0.592419,0.536307,0.491870,0.470728,0.483049,0.507234,0.447376,0.429643,0.408534,1.935499,0.746475,0.782909,0.645634,0.509389,0.395635,0.281189,0.342734,0.335700,0.478027,0.411797,0.331212,0.324292,0.853112,0.304990,0.251033,0.219678,0.207535,0.139653,0.123941,0.122542,0.140519,0.136637,0.116904,0.101973,0.111075,1,0
-47.180245,4.372850,0.518309,0.609858,0.400428,0.203322,0.324281,0.245840,0.207847,-0.117271,0.025980,-0.128113,0.214587,2.554305,1.326475,0.897982,0.766345,0.639220,0.538614,0.536702,0.500535,0.494131,0.438035,0.451675,0.420532,0.447020,1.799536,0.856586,0.785285,0.669520,0.353470,0.337787,0.427163,0.408495,0.345989,0.277503,0.299426,0.277827,0.384078,0.842362,0.402138,0.277027,0.245290,0.170354,0.127313,0.162184,0.150751,0.134925,0.101966,0.130491,0.120074,0.129498,1,0
-45.171215,4.037314,-0.523610,0.182598,-0.136995,-0.072920,-0.101150,0.063275,-0.037404,-0.154427,-0.093009,0.099104,0.179837,2.206123,0.947035,0.685816,0.666949,0.553039,0.497419,0.512620,0.500402,0.477609,0.432425,0.418078,0.409031,0.397724,2.135363,0.745927,0.647309,0.636074,0.336953,0.354994,0.422207,0.474044,0.403798,0.349167,0.338184,0.270143,0.282696,0.718628,0.380992,0.215960,0.214419,0.156797,0.136056,0.129891,0.132744,0.111405,0.100534,0.090329,0.098292,0.091522,1,0
-45.274976,3.949281,-0.470858,0.184232,-0.127353,-0.066861,-0.104360,0.053940,-0.019226,-0.169097,-0.092337,0.105021,0.166398,2.215898,0.948526,0.677205,0.677534,0.563838,0.522407,0.533619,0.522569,0.500037,0.452584,0.438104,0.435225,0.423701,2.150723,0.750955,0.622979,0.633886,0.326578,0.364812,0.430230,0.481070,0.412539,0.344656,0.331290,0.270840,0.281139,0.719061,0.376826,0.211163,0.216445,0.150946,0.136850,0.136308,0.137306,0.116948,0.097806,0.094442,0.099970,0.091756,1,0
-51.695393,2.740340,0.665619,0.938203,0.438671,0.028786,-0.019555,0.042616,0.010811,-0.087885,0.127894,0.087904,0.136956,3.094765,1.322609,0.874270,0.815990,0.709244,0.630092,0.566189,0.583259,0.518316,0.489225,0.469945,0.451721,0.461663,3.142428,0.895140,0.732851,0.761017,0.457289,0.527401,0.430674,0.464604,0.354138,0.329621,0.274363,0.271027,0.308445,1.369311,0.553750,0.331992,0.295930,0.231282,0.173476,0.184390,0.144476,0.122065,0.104929,0.121258,0.139638,0.129457,1,0
-48.003865,3.462470,-0.532529,0.194016,0.249564,0.491319,-0.194193,0.247119,0.215025,-0.149931,-0.162032,0.053065,0.066572,2.235794,0.905309,0.684878,0.638342,0.550885,0.508522,0.496476,0.465160,0.432997,0.432042,0.439870,0.401180,0.403852,4.328171,1.115850,0.717505,0.524593,0.484846,0.446235,0.543988,0.374708,0.300703,0.314641,0.363860,0.295744,0.205066,2.466381,0.476427,0.342539,0.219466,0.215193,0.153745,0.184089,0.146592,0.134538,0.110211,0.113733,0.101943,0.090167,1,0
-47.989958,4.946067,0.892250,0.420691,0.184599,-0.097208,0.016115,0.371002,0.086814,-0.134418,0.004965,-0.141956,0.177290,2.589475,1.215307,0.808837,0.695917,0.641429,0.561696,0.550866,0.556779,0.458592,0.472277,0.442767,0.458919,0.448655,2.478480,0.992992,0.688185,0.677695,0.506426,0.485469,0.417697,0.435540,0.386197,0.298883,0.388503,0.357021,0.386639,1.114932,0.449969,0.284692,0.216677,0.227185,0.166323,0.167859,0.140667,0.120766,0.137436,0.114919,0.141109,0.145377,1,0
-43.194973,3.588596,-0.853256,-0.073104,-0.150184,-0.023795,-0.029838,0.226943,0.133219,-0.124115,-0.113407,-0.123296,-0.007990,1.761673,0.829510,0.812883,0.635273,0.559593,0.530307,0.514669,0.474328,0.467829,0.420918,0.433955,0.434814,0.436522,2.352916,0.785666,0.718581,0.725744,0.364988,0.425929,0.343987,0.328865,0.372126,0.298419,0.271656,0.284461,0.301249,0.808704,0.302246,0.242126,0.211128,0.156848,0.134075,0.122636,0.131484,0.109474,0.082488,0.085148,0.101101,0.086178,1,0
-47.324248,4.411286,0.494726,1.215130,0.350106,0.082450,-0.253220,0.082224,0.121828,-0.124666,0.122098,0.147236,0.075498,2.799382,1.355474,1.028392,0.761350,0.681087,0.553600,0.570817,0.475944,0.483625,0.452403,0.469182,0.451639,0.458086,2.461350,0.846212,0.808973,0.758391,0.623811,0.453909,0.400518,0.302168,0.375093,0.246391,0.272842,0.287645,0.326266,1.311925,0.465985,0.400874,0.266947,0.216688,0.150988,0.172307,0.127374,0.129447,0.102939,0.120741,0.113884,0.135510,1,0
-44.753879,2.882763,-0.115161,0.335793,0.044762,0.119965,-0.250169,0.186930,0.106111,0.077734,0.043850,0.145350,0.141455,2.823904,0.905610,0.911317,0.748882,0.601215,0.572521,0.585598,0.548482,0.574882,0.529500,0.487794,0.511636,0.491535,2.454015,0.849166,1.005774,0.630817,0.389798,0.292795,0.344071,0.273385,0.333564,0.270049,0.240734,0.218531,0.250575,1.279561,0.269024,0.290716,0.217783,0.173960,0.124148,0.162456,0.147905,0.148707,0.163050,0.131510,0.133309,0.125941,1,0
-45.627567,2.967258,-0.240304,0.623998,0.085290,-0.050572,-0.078712,0.102090,0.042298,0.045498,0.140519,0.024147,-0.095049,2.753074,0.954994,0.734341,0.660693,0.555959,0.541554,0.511732,0.474886,0.479290,0.457150,0.453396,0.467327,0.453065,1.969435,0.732730,0.592731,0.514957,0.414256,0.390011,0.337775,0.279413,0.299722,0.224327,0.251814,0.350138,0.368935,0.959310,0.332999,0.314453,0.236768,0.142458,0.126428,0.136427,0.131501,0.115409,0.110891,0.117581,0.146092,0.146570,1,0
-46.251628,3.378309,1.161050,0.668078,0.027195,0.625152,-0.212837,0.247342,0.276960,0.180348,0.436410,0.028684,0.083025,2.252930,0.991559,0.777757,0.789888,0.636779,0.560251,0.548395,0.519622,0.499123,0.477240,0.481129,0.457725,0.455575,3.192285,0.924749,1.307951,0.983703,0.709165,0.638263,0.426498,0.488679,0.493727,0.366819,0.352317,0.372934,0.485431,0.816685,0.398993,0.281820,0.348910,0.202620,0.158116,0.184099,0.154454,0.142834,0.122193,0.130713,0.121690,0.121236,1,0
-47.476084,5.404272,-0.808400,1.567783,-0.152215,0.164569,0.001268,0.212595,-0.287727,-0.301608,0.118172,-0.432906,-0.041886,1.248877,0.734314,0.604067,0.669096,0.527133,0.485762,0.450371,0.458123,0.523123,0.444264,0.447774,0.471106,0.452869,3.786563,0.821675,0.867261,0.754817,0.460296,0.497748,0.309088,0.402527,0.466914,0.424719,0.376545,0.625112,0.436715,0.633782,0.341341,0.214659,0.283876,0.153705,0.131715,0.121085,0.123439,0.183033,0.143517,0.129844,0.152882,0.137573,1,0
-54.750416,6.256600,0.925877,0.753453,0.791701,-0.289763,0.786063,-0.606603,0.310108,0.277166,0.204549,0.308779,-0.122326,2.095005,1.004591,0.953909,0.727974,0.757462,0.573206,0.564188,0.574721,0.524762,0.488536,0.498307,0.507195,0.487280,2.772505,1.003132,1.213146,0.850640,0.829660,0.652063,0.655954,0.483657,0.556275,0.552052,0.537087,0.597714,0.427717,0.904293,0.465170,0.475041,0.296187,0.320284,0.164044,0.183645,0.185403,0.151132,0.133731,0.154007,0.155628,0.149180,1,0
-46.499757,3.259838,0.068656,1.372323,-0.069349,0.613457,0.104131,0.263693,0.228176,0.162319,0.274358,0.074164,0.290540,2.420206,1.047266,0.964168,0.808585,0.707243,0.610376,0.576956,0.504825,0.507900,0.453365,0.486159,0.457870,0.463501,1.975389,0.888861,1.001484,0.716865,0.646360,0.580377,0.500909,0.379386,0.442299,0.293250,0.323330,0.321203,0.389617,0.974203,0.453243,0.361243,0.285440,0.234948,0.231427,0.178724,0.129359,0.164879,0.109485,0.109513,0.132289,0.139439,1,0
-47.528795,2.869718,0.553057,0.913284,0.089541,0.527470,0.255023,-0.065923,0.287284,0.108239,0.010679,0.130955,0.064866,2.056638,1.415390,0.963550,0.800485,0.687398,0.600443,0.535410,0.543574,0.517400,0.485001,0.462125,0.499910,0.434599,1.730815,0.870638,0.792234,0.794719,0.639577,0.489139,0.377682,0.400648,0.377003,0.248647,0.279786,0.395476,0.309009,0.524333,0.463075,0.324931,0.265934,0.202115,0.177636,0.130692,0.149482,0.132139,0.122893,0.088070,0.124749,0.100462,1,0
-47.437848,2.404575,-0.273897,1.085836,-0.180071,0.650592,-0.067131,0.307382,0.380568,0.051894,0.372078,-0.004025,-0.032420,2.932520,1.099208,1.078238,0.819046,0.788661,0.618210,0.599732,0.494554,0.543295,0.482605,0.490232,0.466369,0.481514,1.669948,0.784231,0.944180,0.682029,0.525373,0.455792,0.356144,0.274533,0.364144,0.330167,0.284568,0.343778,0.372218,0.930383,0.346795,0.396890,0.284704,0.231151,0.180156,0.161855,0.119356,0.166561,0.159859,0.123421,0.140897,0.171349,1,0
-48.772182,4.669613,0.152695,0.812775,-0.104327,0.515737,0.062575,0.152470,0.245196,-0.032940,0.121165,-0.185471,-0.304827,2.618192,1.295829,1.020665,0.820867,0.882804,0.652637,0.656594,0.590711,0.562885,0.561335,0.530125,0.518583,0.487184,3.121641,1.641759,0.800183,0.747806,0.600657,0.617231,0.402648,0.368528,0.334299,0.386126,0.350871,0.370668,0.348946,1.373412,0.511528,0.346326,0.254333,0.277795,0.185008,0.179281,0.167581,0.169423,0.167380,0.150062,0.137114,0.121709,1,0
-48.752666,4.709362,0.145931,0.821448,-0.132156,0.529557,0.052294,0.155342,0.244260,-0.018647,0.113430,-0.171815,-0.284553,2.658132,1.277836,1.035406,0.823669,0.890887,0.642960,0.651495,0.601576,0.570050,0.559731,0.527795,0.522597,0.488943,3.115086,1.612730,0.829388,0.742327,0.602618,0.607587,0.405998,0.365398,0.337030,0.369638,0.338055,0.367292,0.338913,1.385173,0.519878,0.376728,0.253192,0.267654,0.187212,0.168092,0.173837,0.160571,0.164477,0.140790,0.136616,0.119868,1,0
-47.394700,3.644650,0.129180,0.375744,0.266737,0.418333,0.013250,0.349002,0.252338,0.138145,0.014287,0.029340,0.028207,2.342839,0.975624,0.872147,0.844004,0.663753,0.564531,0.538570,0.513958,0.537881,0.477302,0.492626,0.549164,0.527712,2.037248,1.402327,0.927359,0.873869,0.582081,0.450409,0.470201,0.439594,0.367609,0.345335,0.390789,0.467753,0.457928,0.972823,0.406415,0.339570,0.303505,0.190673,0.158699,0.146710,0.136732,0.149308,0.112432,0.140884,0.186195,0.176407,1,0
-48.263612,2.404189,-0.327808,-0.043758,0.089295,0.477581,-0.139479,0.285380,0.220253,-0.441840,-0.058905,0.181826,0.230104,2.327577,0.807258,0.838074,0.720424,0.683261,0.617647,0.604791,0.529271,0.548228,0.571095,0.551913,0.540664,0.527718,1.675774,0.604081,0.637709,0.544254,0.447044,0.405716,0.370802,0.334097,0.390794,0.326273,0.364909,0.293189,0.286136,1.039878,0.265259,0.250706,0.198776,0.134982,0.126727,0.153421,0.119406,0.130323,0.152890,0.148107,0.117868,0.112247,1,0
-53.506135,6.145842,1.182574,1.547410,-0.027570,0.614758,0.155274,0.267426,0.466293,-0.448210,0.472073,0.016641,0.307859,2.557000,1.228148,0.913185,0.784381,0.734222,0.598918,0.545401,0.517616,0.499262,0.474383,0.467899,0.415709,0.398504,3.244503,1.649373,1.227049,0.866556,1.017453,0.668850,0.606940,0.464672,0.577232,0.364176,0.443942,0.312583,0.414153,1.027584,0.466857,0.357617,0.294257,0.303910,0.210076,0.176800,0.177288,0.173266,0.146050,0.135476,0.109605,0.115575,1,0
-49.309514,3.672446,0.925098,1.218110,-0.104924,0.817027,0.116716,0.118316,0.091963,0.151464,0.154812,0.354641,0.264938,2.884964,1.534008,1.197960,0.975340,0.803194,0.672319,0.622172,0.585694,0.522316,0.484566,0.487038,0.445383,0.433835,2.402055,1.262500,0.925791,0.783796,0.567270,0.514908,0.440431,0.483841,0.379123,0.292534,0.294708,0.213401,0.245060,1.011219,0.575487,0.379587,0.318091,0.244541,0.171338,0.172697,0.159918,0.135544,0.128579,0.130665,0.117892,0.115078,1,0
-45.996412,2.315857,0.242136,0.434105,0.114468,0.390648,-0.138873,0.235863,0.213366,0.074197,-0.004978,0.074914,0.101763,2.154271,0.975611,0.892154,0.797683,0.664727,0.590442,0.561712,0.513065,0.520178,0.500727,0.499281,0.536867,0.540889,2.095696,1.211387,0.704908,0.637780,0.515474,0.420600,0.403457,0.363186,0.322769,0.336067,0.371175,0.344461,0.448270,0.940735,0.382849,0.337460,0.250705,0.163749,0.158813,0.133516,0.118573,0.116418,0.113172,0.129805,0.164051,0.146009,1,0
-48.070581,1.567215,-0.111635,0.615008,-0.240539,0.653041,0.026239,0.528446,0.600844,0.103702,0.063859,-0.384859,-0.151047,3.494743,1.256276,1.126732,1.052675,1.047498,0.788460,0.753185,0.587579,0.612036,0.565857,0.569794,0.634577,0.584019,1.371845,0.719588,0.531709,0.590470,0.451299,0.443033,0.346685,0.292086,0.290188,0.271422,0.289143,0.380684,0.350738,0.863447,0.353486,0.308474,0.289720,0.255885,0.220880,0.211690,0.127871,0.138524,0.134898,0.138007,0.178915,0.148819,1,0
-50.910927,5.078646,-0.378674,0.909674,-0.852958,1.016863,-0.429412,0.355003,0.501106,-0.150671,-0.074904,-0.182055,0.207094,2.177628,1.377020,1.070465,0.797198,0.732162,0.632411,0.659359,0.604471,0.551005,0.558089,0.613825,0.599354,0.687474,3.747188,2.293133,1.574317,1.064104,1.011787,0.589854,0.882628,0.683855,0.998103,0.858186,1.090423,0.573138,0.594133,1.306219,0.806274,0.390620,0.349352,0.326240,0.201239,0.236225,0.211684,0.180480,0.207104,0.317089,0.277714,0.419838,1,0
-47.639105,3.705264,1.165924,0.813914,-0.362207,0.233694,-0.220284,0.429185,0.387095,0.237090,-0.076897,0.309095,0.108464,3.281627,1.465390,1.023201,0.833503,0.827787,0.621670,0.663817,0.556122,0.548689,0.543881,0.466930,0.483081,0.485636,1.953508,0.767974,0.775686,0.568130,0.459497,0.441306,0.521750,0.398317,0.398762,0.412470,0.265107,0.278300,0.342025,1.436468,0.444542,0.257197,0.238668,0.245280,0.162463,0.230848,0.170191,0.172124,0.145745,0.104641,0.145389,0.141341,1,0
-48.734477,2.795738,0.164541,-0.085016,0.214559,0.168588,-0.049283,0.371914,0.158010,0.219654,0.205892,0.243304,0.346860,3.392643,1.457198,1.211680,1.016744,0.796520,0.675104,0.695770,0.538554,0.552447,0.497713,0.487444,0.522792,0.453903,2.235890,0.888533,0.781637,0.839222,0.498730,0.271980,0.332373,0.311040,0.312869,0.232722,0.233176,0.272165,0.294125,1.556906,0.528790,0.342288,0.319454,0.200393,0.168982,0.175542,0.159743,0.140759,0.120694,0.114529,0.130925,0.123367,1,0
-50.136573,1.886502,0.813483,1.456469,0.248852,0.575864,0.173747,0.285615,0.131576,0.185822,0.287421,0.257505,0.052891,4.140347,1.631796,1.100401,0.975019,0.764103,0.702592,0.649744,0.610350,0.593589,0.520077,0.541337,0.556931,0.557108,2.135084,1.197856,0.845458,0.652920,0.409115,0.307287,0.349238,0.340607,0.306324,0.239730,0.285633,0.336327,0.324509,1.353251,0.605492,0.306008,0.267424,0.203704,0.177064,0.150495,0.138331,0.129997,0.123070,0.116603,0.173667,0.124269,1,0
-48.026194,1.513327,-0.012308,0.586762,-0.218282,0.647430,0.039441,0.557046,0.590572,0.090445,-0.009677,-0.334978,-0.189455,3.559942,1.272957,1.120272,1.022459,1.014433,0.753019,0.714629,0.577092,0.599315,0.538590,0.569376,0.610604,0.571034,1.412037,0.732995,0.531090,0.589226,0.443445,0.435985,0.350949,0.290374,0.292602,0.266505,0.276554,0.376245,0.352359,0.881179,0.353962,0.293087,0.278022,0.237129,0.209374,0.198562,0.126480,0.125065,0.131351,0.132329,0.173897,0.155697,1,0
-48.955211,3.286511,-0.245528,1.162852,-0.170732,0.616902,0.005962,0.346560,0.171515,0.035336,0.097212,0.037753,-0.114816,3.372275,1.571629,1.143894,1.083974,0.749142,0.649220,0.617908,0.562846,0.558357,0.513028,0.513346,0.548901,0.544756,2.867591,1.097692,1.030373,0.707410,0.494475,0.358674,0.258047,0.355796,0.271304,0.358483,0.297387,0.379748,0.433785,1.415578,0.613240,0.324885,0.322538,0.202929,0.172464,0.160926,0.139942,0.142540,0.111047,0.136787,0.175490,0.159311,1,0
-50.026368,1.749089,0.879049,1.426919,0.232619,0.601714,0.166815,0.289169,0.127370,0.186338,0.279848,0.253341,0.048581,4.184763,1.684728,1.106272,0.955625,0.732818,0.677245,0.630275,0.580074,0.561536,0.503255,0.512701,0.537353,0.537280,2.167111,1.209579,0.834746,0.644701,0.393184,0.297607,0.342809,0.338130,0.302160,0.239512,0.288379,0.338667,0.320943,1.366204,0.634022,0.315314,0.262299,0.197542,0.156703,0.149415,0.135552,0.117322,0.118472,0.115134,0.169257,0.125670,1,0
-47.639105,3.705264,1.165924,0.813914,-0.362207,0.233694,-0.220284,0.429185,0.387095,0.237090,-0.076897,0.309095,0.108464,3.281627,1.465390,1.023201,0.833503,0.827787,0.621670,0.663817,0.556122,0.548689,0.543881,0.466930,0.483081,0.485636,1.953508,0.767974,0.775686,0.568130,0.459497,0.441306,0.521750,0.398317,0.398762,0.412470,0.265107,0.278300,0.342025,1.436468,0.444542,0.257197,0.238668,0.245280,0.162463,0.230848,0.170191,0.172124,0.145745,0.104641,0.145389,0.141341,1,0
-48.699523,3.188036,0.329987,2.220305,-0.390778,0.677683,-0.117900,0.795465,0.709640,-0.018960,-0.252618,-0.016581,0.095816,2.815684,1.473005,1.096574,1.146285,0.814772,0.702777,0.687870,0.644220,0.645213,0.534725,0.513399,0.516499,0.468611,1.315828,0.980195,0.622617,0.703808,0.439734,0.411381,0.431559,0.294250,0.352452,0.276534,0.293928,0.326210,0.275858,0.957558,0.488128,0.301007,0.329681,0.189466,0.154086,0.144943,0.150099,0.158246,0.138883,0.136180,0.154079,0.149235,1,0
-44.080913,3.254246,0.392675,1.007101,0.092891,0.534895,-0.356132,0.414353,0.450446,-0.099114,-0.219155,-0.475259,-0.607898,2.000069,1.050282,1.102310,0.841646,0.791976,0.738012,0.688845,0.644163,0.710452,0.714800,0.771976,0.775636,0.794357,0.836703,0.562429,0.574794,0.563724,0.419145,0.407489,0.353935,0.300738,0.340222,0.387012,0.492908,0.479372,0.501493,0.483554,0.280212,0.277703,0.188287,0.160073,0.168959,0.147375,0.147540,0.195165,0.192202,0.213115,0.189681,0.207656,1,0
-50.389838,6.203713,-0.167634,0.803494,0.024793,-0.067916,-0.125472,0.151847,0.102102,0.318509,0.251031,0.244117,0.022768,1.694608,0.996930,0.659197,0.661725,0.524383,0.569630,0.487602,0.495588,0.501942,0.457388,0.454965,0.433549,0.449587,1.822803,0.850370,0.509321,0.712158,0.457990,0.608885,0.418099,0.499935,0.428252,0.368018,0.379321,0.338186,0.422465,0.654673,0.332440,0.198540,0.228500,0.148575,0.166373,0.144940,0.127877,0.141314,0.125035,0.114409,0.129540,0.143403,1,0
-49.392058,1.855588,-0.534364,0.298804,-0.601464,0.130354,0.046147,-0.115959,0.401272,-0.508728,-0.544129,-0.620603,-0.791438,3.442747,1.113576,0.964854,0.766544,0.751041,0.582218,0.600526,0.663868,0.610141,0.597342,0.604794,0.665448,0.824538,3.894394,1.332816,0.861782,0.609006,0.561270,0.488628,0.468514,0.615821,0.776360,0.639579,0.686578,0.550660,0.966458,1.682020,0.456632,0.388617,0.256572,0.269887,0.183403,0.173014,0.202961,0.188383,0.163721,0.204843,0.216512,0.305788,1,0
-50.225661,4.408524,0.430480,0.888601,0.544277,0.175134,-0.287781,0.261688,0.306945,-0.316699,-0.068569,-0.181642,-0.239729,2.614630,1.052777,0.847979,0.623405,0.521276,0.479420,0.499650,0.471689,0.506711,0.497490,0.459622,0.440845,0.434987,2.541967,1.176719,0.897954,0.795240,0.372305,0.534219,0.398937,0.523811,0.380893,0.516202,0.346274,0.430459,0.264503,1.149482,0.412456,0.272140,0.198604,0.166891,0.131868,0.122993,0.141005,0.140604,0.135608,0.119228,0.121012,0.102281,1,0
-48.312197,4.861574,1.230747,0.681684,0.275712,0.600590,-0.046145,0.097644,0.421651,-0.022997,0.426829,0.107243,0.368704,2.172122,1.265663,1.019143,0.753609,0.656097,0.567122,0.568211,0.557458,0.511799,0.516197,0.501593,0.509649,0.518568,2.691009,1.093078,1.089120,0.679748,0.695476,0.457648,0.512147,0.566915,0.482120,0.436033,0.458371,0.411352,0.587254,0.761090,0.417943,0.305236,0.250045,0.197624,0.168146,0.159230,0.149963,0.142242,0.142321,0.137693,0.167731,0.185836,1,0
-48.301663,2.105503,0.444517,1.206032,0.383335,0.480751,0.149316,0.200628,0.077471,-0.170885,-0.009603,-0.045141,-0.076090,2.484541,1.216840,0.929660,0.742786,0.682825,0.548035,0.572114,0.511214,0.508337,0.551081,0.529524,0.559880,0.543370,1.455928,0.878210,0.701218,0.525099,0.384472,0.270237,0.311185,0.314005,0.301485,0.407662,0.399888,0.433467,0.484819,0.770567,0.377848,0.295984,0.200770,0.208679,0.150460,0.170482,0.135791,0.165950,0.166084,0.179848,0.219735,0.193803,1,0
-46.492715,2.979311,0.248010,1.045007,-0.077643,0.641894,-0.035958,0.366800,0.389342,-0.019402,0.019018,0.127929,-0.093409,3.029344,1.485677,1.207443,0.968270,0.830105,0.643833,0.595501,0.564982,0.515781,0.521657,0.503849,0.512503,0.492054,1.590958,0.887623,0.799743,0.605358,0.477246,0.350715,0.296687,0.286299,0.285478,0.240820,0.327703,0.295874,0.310022,1.021614,0.461775,0.338380,0.332149,0.286345,0.146400,0.153862,0.135279,0.134250,0.137586,0.140639,0.146509,0.146143,1,0
-46.397282,3.424030,0.091240,1.434229,0.093621,0.236013,0.081768,0.277372,-0.061101,0.078445,0.004402,0.017093,0.107671,2.442195,1.092423,0.722869,0.558912,0.524516,0.489455,0.527632,0.466122,0.450203,0.417263,0.404014,0.404765,0.379221,1.407753,0.655453,0.471731,0.400929,0.324332,0.326826,0.268066,0.238050,0.260535,0.165619,0.179060,0.189607,0.141999,0.766039,0.380800,0.188037,0.130111,0.119908,0.113317,0.128723,0.104951,0.107533,0.080618,0.080196,0.080404,0.074168,1,0
-50.121370,3.513071,0.837651,0.919414,-0.124732,0.071167,0.158558,-0.060897,-0.079311,-0.259137,-0.084543,-0.051189,-0.018901,2.689013,1.122055,0.900405,0.784245,0.703247,0.546871,0.487388,0.512931,0.490764,0.485411,0.458488,0.458569,0.442965,5.305461,1.863430,0.825367,0.648755,0.668351,0.368506,0.309976,0.391167,0.410325,0.307717,0.443682,0.418489,0.365602,1.408969,0.526622,0.249950,0.248355,0.185476,0.168131,0.117775,0.136724,0.109285,0.098082,0.112914,0.107539,0.099747,1,0
-48.301663,2.105503,0.444517,1.206032,0.383335,0.480751,0.149316,0.200628,0.077471,-0.170885,-0.009603,-0.045141,-0.076090,2.484541,1.216840,0.929660,0.742786,0.682825,0.548035,0.572114,0.511214,0.508337,0.551081,0.529524,0.559880,0.543370,1.455928,0.878210,0.701218,0.525099,0.384472,0.270237,0.311185,0.314005,0.301485,0.407662,0.399888,0.433467,0.484819,0.770567,0.377848,0.295984,0.200770,0.208679,0.150460,0.170482,0.135791,0.165950,0.166084,0.179848,0.219735,0.193803,1,0
-43.730300,4.010520,-0.952138,0.394238,-0.296893,0.252627,0.082596,0.184775,0.024031,-0.162963,-0.148644,-0.072144,-0.099292,1.840716,0.856588,0.694423,0.615398,0.532431,0.517322,0.459197,0.473674,0.481992,0.435611,0.441669,0.406842,0.412864,1.552289,1.067147,0.559721,0.496688,0.452663,0.381426,0.295308,0.309068,0.308241,0.229816,0.267018,0.259764,0.265431,0.918019,0.318952,0.203718,0.161359,0.149763,0.135504,0.106323,0.102483,0.113076,0.083005,0.097200,0.094913,0.083792,1,0
-45.520373,3.329980,0.603203,0.473131,-0.059068,0.584988,0.300027,0.249473,0.231665,0.058428,0.188813,0.090533,-0.057133,2.212462,1.102324,0.875556,0.790740,0.659164,0.570205,0.557056,0.519036,0.516903,0.507696,0.448073,0.431056,0.452297,1.831950,0.498247,0.510512,0.565347,0.429528,0.393904,0.370177,0.298369,0.393708,0.376436,0.299629,0.283494,0.346109,0.625816,0.305682,0.265913,0.246824,0.206952,0.159265,0.164414,0.126357,0.123976,0.131136,0.109915,0.098339,0.110059,1,0
-49.998798,4.273593,1.259420,1.223754,0.112259,0.172379,-0.395153,0.135859,0.199672,0.138514,0.426468,-0.181794,0.017191,2.836825,1.448000,1.063909,0.944766,0.845233,0.684600,0.701981,0.601492,0.556678,0.569134,0.527042,0.510964,0.485436,1.778392,1.203480,0.847037,0.880995,0.658979,0.464453,0.546008,0.361481,0.452735,0.463795,0.412066,0.367268,0.377739,0.967025,0.527989,0.310243,0.297911,0.234258,0.230880,0.191609,0.161601,0.161461,0.185418,0.142377,0.159979,0.143860,1,0
-48.813496,2.236726,1.366463,1.755576,-0.178356,0.659617,0.074326,0.327521,0.448907,0.123920,0.353019,-0.090634,0.087207,2.565697,1.234848,0.833127,0.839552,0.680187,0.642822,0.553175,0.521020,0.495440,0.566103,0.474261,0.487752,0.456190,1.490428,0.783024,0.586604,0.748836,0.504932,0.479235,0.428964,0.282826,0.340837,0.418734,0.324676,0.322335,0.323165,0.883101,0.369284,0.257770,0.249236,0.224785,0.171919,0.149270,0.125064,0.119729,0.163492,0.139120,0.132733,0.142992,1,0
-47.481090,2.516023,0.602242,0.944337,0.373662,0.651405,0.212037,0.190459,0.292432,0.136979,0.017820,0.036021,0.270997,2.837608,1.249981,0.910216,0.881790,0.672183,0.608598,0.641110,0.496065,0.521556,0.471553,0.475967,0.463459,0.463334,2.997313,0.962510,0.700000,0.763418,0.546266,0.467073,0.434799,0.327375,0.397389,0.269183,0.229024,0.357835,0.344845,1.489728,0.422636,0.263520,0.304956,0.180281,0.168626,0.200005,0.137875,0.131931,0.117606,0.118637,0.131147,0.136963,1,0
-47.592237,2.170815,0.294350,0.694406,-0.016442,0.971947,0.150220,0.329480,0.312339,-0.030499,0.334316,-0.035667,-0.061325,3.849973,1.432666,0.989923,0.924353,0.713765,0.644370,0.588738,0.553801,0.532479,0.522587,0.528815,0.531932,0.543363,2.182550,0.894511,0.685280,0.652818,0.373418,0.422548,0.366726,0.293254,0.330013,0.411093,0.407064,0.410308,0.440570,1.341724,0.460914,0.297075,0.352609,0.180633,0.167773,0.152904,0.155940,0.167534,0.132907,0.133370,0.177337,0.174962,1,0
-47.445463,3.041365,0.302985,1.491980,-0.244579,0.612705,-0.202517,0.410381,0.255790,0.057735,0.345156,-0.057397,0.122521,3.447194,1.429971,0.971515,0.937396,0.755493,0.672525,0.573102,0.551001,0.484477,0.475561,0.498338,0.469781,0.471897,1.872714,0.936677,0.717480,0.799930,0.564310,0.468307,0.356743,0.303031,0.274447,0.236888,0.315495,0.239131,0.210865,1.164469,0.487906,0.374509,0.335678,0.224284,0.237516,0.177171,0.155599,0.120191,0.102398,0.148972,0.114261,0.113791,1,0
-59.285792,5.136807,0.613653,1.826604,0.218396,0.657090,0.118242,0.232011,0.247081,-0.019702,0.298962,-0.015472,0.120425,3.497849,1.187984,0.855512,0.668969,0.608725,0.486991,0.518997,0.492801,0.466177,0.436706,0.435517,0.421179,0.415133,3.295183,1.065179,0.869955,0.675323,0.499813,0.348742,0.387409,0.378947,0.340681,0.324014,0.263977,0.285951,0.257902,1.693662,0.607331,0.295472,0.225579,0.167202,0.126865,0.132333,0.147450,0.108335,0.117953,0.096945,0.108813,0.099809,1,0
-47.391237,3.678206,0.112558,0.388946,0.268852,0.413884,0.013133,0.332898,0.245044,0.145273,0.006242,0.009044,0.022312,2.336144,0.987799,0.862499,0.852341,0.666779,0.566887,0.539792,0.496925,0.523236,0.481687,0.482671,0.544879,0.513408,2.036415,1.415439,0.924716,0.872122,0.600805,0.474014,0.441643,0.425491,0.348917,0.349078,0.404307,0.473863,0.469655,0.965972,0.392531,0.338228,0.300437,0.203395,0.163591,0.151031,0.127299,0.143269,0.104407,0.147330,0.177983,0.187152,1,0
-51.997308,5.452666,1.205534,0.958795,0.266294,0.053545,0.228513,-0.263164,0.307827,0.173145,0.397844,-0.000269,0.134579,2.566779,0.967073,0.840405,0.724334,0.619531,0.504517,0.500696,0.516257,0.447430,0.442561,0.463280,0.443647,0.404508,2.554081,0.814765,0.682484,0.778924,0.635341,0.418221,0.436151,0.480152,0.340305,0.347437,0.336658,0.351692,0.287366,0.830847,0.379225,0.283104,0.294843,0.173394,0.138954,0.159735,0.147959,0.093901,0.111967,0.124126,0.124199,0.079731,1,0
-48.843177,3.376806,1.031985,1.105348,0.303161,0.340023,0.181043,0.319463,0.110663,0.072938,0.131199,0.083485,-0.052726,1.990204,0.891266,0.680424,0.641118,0.591533,0.480130,0.471246,0.437792,0.502125,0.417885,0.430006,0.408764,0.389341,2.223820,0.879456,0.445618,0.485791,0.258360,0.255177,0.271555,0.193717,0.186615,0.195491,0.186151,0.217970,0.195408,0.520372,0.320543,0.179808,0.165223,0.133128,0.099129,0.106291,0.091008,0.117514,0.086117,0.085421,0.085666,0.093627,1,0
-50.034968,4.848940,1.151339,0.939296,-0.043940,0.440395,-0.277702,0.312027,0.219156,0.183164,0.107530,-0.087188,-0.032390,1.733551,0.901547,0.684757,0.678097,0.599906,0.519747,0.487644,0.516474,0.508946,0.477572,0.486750,0.512782,0.504483,1.424933,0.949636,0.744758,1.019254,0.748124,0.637754,0.470934,0.436484,0.570986,0.518885,0.404508,0.402334,0.423225,0.445743,0.276108,0.198734,0.219432,0.190361,0.137482,0.134523,0.146689,0.170296,0.121628,0.175589,0.178046,0.157592,1,0
-50.371454,4.028832,0.508386,1.496441,0.153383,0.460471,-0.182562,0.029256,0.064299,-0.023655,0.097277,0.180892,0.085187,2.602202,1.677896,1.000161,0.718621,0.690391,0.568694,0.524609,0.498227,0.496879,0.522750,0.455005,0.450778,0.450150,2.064490,1.658545,0.838639,0.682747,0.464968,0.416090,0.365681,0.355034,0.365634,0.421043,0.296710,0.285944,0.388408,0.975869,0.655669,0.366616,0.176848,0.202026,0.209019,0.156493,0.136774,0.156969,0.157101,0.131982,0.109630,0.168094,1,0
-48.595165,3.304300,-0.837690,1.273577,-0.248802,0.199336,-0.219705,0.389541,-0.360663,-0.116291,-0.145863,0.253226,0.164778,3.633793,1.745831,1.197152,0.966981,0.826368,0.767790,0.680623,0.563562,0.625211,0.573474,0.531745,0.526486,0.552324,2.323788,1.053868,0.994989,0.705332,0.559736,0.475837,0.397533,0.388852,0.482816,0.479622,0.415357,0.371744,0.388075,1.841857,0.669194,0.396218,0.283173,0.240601,0.202540,0.177819,0.123973,0.170620,0.147088,0.143743,0.216981,0.191751,1,0
-47.426187,3.092872,0.653970,0.292641,-0.397921,0.406800,-0.200002,0.222369,0.013052,0.118218,-0.009163,-0.103970,-0.217369,1.925191,0.808868,0.609926,0.664487,0.606128,0.507853,0.500435,0.472433,0.434790,0.429226,0.432653,0.422258,0.425651,1.009506,0.608891,0.427789,0.711500,0.448452,0.375814,0.330940,0.322300,0.277702,0.291993,0.316568,0.253103,0.281523,0.520748,0.229345,0.178246,0.176895,0.173450,0.127694,0.129772,0.105699,0.081229,0.089176,0.087788,0.087331,0.111833,1,0
-47.375681,3.607663,1.086735,1.153723,0.466241,0.409308,0.287452,0.354920,0.325063,0.439089,0.217014,0.075051,-0.107170,1.742784,1.292267,0.831443,0.722236,0.595411,0.518498,0.538361,0.512043,0.432444,0.454516,0.411132,0.445360,0.441912,1.438922,0.892142,0.690127,0.648628,0.384835,0.330041,0.388738,0.409288,0.251163,0.324958,0.283265,0.281494,0.307491,0.534392,0.410358,0.298986,0.250333,0.187652,0.143401,0.167956,0.142780,0.095461,0.125166,0.087565,0.107699,0.107292,1,0
-47.509183,2.973022,0.720813,0.948137,-0.248761,0.619954,0.045267,0.709052,0.164220,0.224046,0.171514,-0.050227,-0.022279,3.662919,1.337025,0.885491,0.921542,0.871732,0.708097,0.614298,0.557652,0.539627,0.491964,0.525788,0.455398,0.470909,3.686949,1.230206,0.614358,0.781696,0.750081,0.567097,0.426309,0.345515,0.366737,0.339707,0.339572,0.276515,0.294602,1.716261,0.503254,0.263829,0.278681,0.291159,0.196213,0.177295,0.174818,0.152342,0.138889,0.144611,0.125495,0.130359,1,0
-47.543658,2.917263,1.017317,1.120916,-0.247537,0.539564,-0.110089,0.401198,-0.001793,0.237068,0.137393,-0.074207,0.034411,3.379025,1.323184,0.889885,0.822697,0.884844,0.638987,0.604826,0.568041,0.508100,0.506837,0.485093,0.499621,0.508833,3.308060,1.207795,0.752987,0.827497,0.733484,0.412163,0.329206,0.382872,0.289900,0.332151,0.303699,0.543298,0.462545,1.374773,0.631632,0.314583,0.237718,0.334923,0.187070,0.222935,0.166723,0.137830,0.140008,0.144345,0.176930,0.197995,1,0
-47.173788,3.596900,1.078977,1.140377,0.461716,0.419949,0.260122,0.356718,0.316534,0.448969,0.185665,0.080897,-0.101604,1.740764,1.265311,0.823357,0.735726,0.603237,0.505089,0.526771,0.493663,0.421260,0.438029,0.402162,0.427193,0.418947,1.407081,0.876020,0.686748,0.665690,0.380952,0.326344,0.393512,0.412545,0.255527,0.328347,0.289973,0.281673,0.293117,0.531592,0.412694,0.292405,0.247613,0.188096,0.139151,0.169499,0.139686,0.090256,0.116615,0.086828,0.111292,0.099385,1,0
-45.400869,2.434620,0.485849,1.008110,0.505778,0.445750,-0.085010,0.363302,0.238779,0.148762,0.095710,0.097979,-0.012920,2.770901,1.084957,0.985343,0.739229,0.828521,0.588111,0.532449,0.481768,0.441606,0.409777,0.430003,0.431827,0.443668,1.668254,0.933320,0.700814,0.664414,0.555534,0.382768,0.286653,0.285955,0.252849,0.220781,0.307412,0.273500,0.326982,0.912084,0.433322,0.385661,0.253338,0.268232,0.159233,0.120491,0.106772,0.089309,0.089363,0.089564,0.102191,0.122500,1,0
-46.383703,2.773574,0.225812,0.512969,0.150049,0.126044,-0.117856,0.422859,-0.157155,-0.086709,0.319105,0.195632,-0.069265,2.135209,0.996145,0.838345,0.725558,0.622674,0.638398,0.594975,0.549934,0.508921,0.504481,0.472593,0.457050,0.454598,2.030533,0.943598,0.955697,0.586357,0.561007,0.441032,0.453832,0.382437,0.306430,0.345992,0.325498,0.195008,0.221461,0.637786,0.335020,0.248736,0.210572,0.166346,0.158737,0.149106,0.133411,0.114014,0.126995,0.107816,0.094655,0.089505,1,0
-45.828287,3.178774,0.685667,0.462815,0.633255,0.529911,0.153860,0.362615,0.209221,-0.099810,-0.180022,-0.139721,0.100938,1.688367,0.888154,0.741526,0.605835,0.569692,0.514068,0.496523,0.455577,0.475908,0.458269,0.447248,0.440380,0.443730,0.989252,0.721290,0.686400,0.611917,0.394405,0.417651,0.271912,0.339309,0.414695,0.439808,0.529550,0.337098,0.432763,0.409104,0.211728,0.180471,0.165849,0.148132,0.109339,0.109957,0.096696,0.102852,0.114710,0.122742,0.102626,0.118498,1,0
-46.002823,4.209943,-0.404089,1.252663,-0.082420,0.437143,0.007193,0.584387,0.026532,-0.076939,-0.437554,-0.075863,-0.165060,1.541644,0.920772,0.710223,0.628052,0.572890,0.482617,0.486182,0.486101,0.454061,0.468136,0.484021,0.458084,0.441458,2.058634,0.855736,0.590244,0.605893,0.483909,0.455208,0.373071,0.374197,0.419554,0.461766,0.524345,0.347539,0.503667,0.575720,0.389827,0.293210,0.204265,0.171196,0.124316,0.142810,0.127086,0.118905,0.125879,0.139888,0.148387,0.129931,1,0
-46.836354,4.629192,1.612773,0.971873,0.207048,0.793281,0.114121,0.712959,0.552967,0.250773,0.362230,0.134011,0.026644,2.325537,1.302504,0.792203,0.749075,0.591943,0.549631,0.534226,0.532458,0.454928,0.436855,0.462426,0.427134,0.451395,1.984904,1.148938,0.937851,0.656787,0.481107,0.429355,0.416719,0.421120,0.306316,0.376649,0.382900,0.319121,0.392076,0.949854,0.567505,0.283652,0.253021,0.194905,0.166507,0.139348,0.140592,0.107092,0.121695,0.147611,0.113682,0.155554,1,0
-47.833292,3.632627,1.102672,0.839833,0.089734,0.436936,0.201303,0.740499,0.290936,0.253478,-0.364184,-0.205647,-0.204343,2.139790,1.173418,0.815179,0.732894,0.604282,0.528032,0.534933,0.517375,0.480151,0.447852,0.457511,0.476530,0.492495,2.166336,0.972369,0.787913,0.922893,0.658983,0.435158,0.533389,0.419634,0.392202,0.472173,0.520764,0.664049,0.639949,0.858023,0.407747,0.230148,0.248493,0.208559,0.146750,0.147229,0.148654,0.130083,0.110357,0.140354,0.158740,0.159654,1,0
-52.647561,3.355196,1.244777,0.977447,0.257492,0.714898,0.002708,0.170246,0.425500,-0.102218,0.209865,-0.114657,0.165512,3.569990,1.353023,1.060445,0.970914,0.797590,0.712199,0.601030,0.511791,0.518231,0.425016,0.436589,0.447001,0.451566,2.442888,0.754224,0.962802,0.844720,0.580546,0.491291,0.484301,0.347706,0.330237,0.253949,0.316052,0.256031,0.307382,1.343425,0.417880,0.313969,0.292310,0.238375,0.213906,0.174701,0.125747,0.138712,0.094423,0.123729,0.156774,0.148733,1,0
-46.483346,2.493015,0.103177,0.224595,0.241409,0.547752,-0.135806,0.072271,0.180907,-0.193143,-0.026096,0.183973,0.204304,2.785816,0.937737,0.819987,0.611444,0.513505,0.569290,0.535882,0.529595,0.530649,0.549710,0.517978,0.572178,0.543242,2.533404,0.943236,1.139198,0.593043,0.324823,0.500325,0.366753,0.542275,0.492898,0.554245,0.566840,0.554565,0.415325,1.239150,0.342662,0.347406,0.174967,0.142886,0.196628,0.162019,0.162376,0.151735,0.204808,0.207311,0.276702,0.223781,1,0
-51.377703,5.350224,0.906565,1.034400,0.209505,0.540009,-0.303232,0.424628,0.354427,-0.118108,0.154299,-0.153749,0.141088,2.775382,1.091011,0.785918,0.711225,0.629040,0.620827,0.561852,0.490769,0.464379,0.462432,0.460893,0.456104,0.436773,2.464770,0.870704,0.693803,0.584689,0.436006,0.576730,0.538973,0.341918,0.333357,0.309565,0.348779,0.362229,0.366065,1.233005,0.372653,0.265744,0.228493,0.198716,0.232402,0.205382,0.132916,0.101214,0.128866,0.115515,0.124572,0.123496,1,0
